#Export_details
#Version: 2023.0.0
#Motor Name: RPII_Motor_Delta_2
#Catalog Name: User_SM_PM_IR_3Ph
#Family: Synchronous
#Type: Permanent magnet
#Sub-type: Inner rotor
#No. phases: 3.0
#Test Family: Performance mapping
#Test Package: Sine wave
#Test Mode: Motor
#Test Type: Efficiency map
#End_export_details


#Table_name=currentMap
#Table_format=2D
#Version=1.0
#
#Item_number=3
#Axis_number=2
#
#Axis_name_1=Speed
#Axis_name_2=Mechanical torque
#
#Axis_unit_1=rpm
#Axis_unit_2=N.m
#
#Item_name_1=Phase current J, rms
#Item_name_2=D-axis phase current Jd, rms
#Item_name_3=Q-axis phase current Jq, rms
#
#Item_unit_1=A
#Item_unit_2=A
#Item_unit_3=A
#
31
25
	
+0.000000E+00	+1.789500E+02	+7.157998E+02	+1.610550E+03	+2.863199E+03	+4.473749E+03	+6.442198E+03	+8.768548E+03	+1.145280E+04	+1.449495E+04	+1.789500E+04	+2.165294E+04	+2.576879E+04	+3.024254E+04	+3.507419E+04	+4.026374E+04	+4.257949E+04	+4.489524E+04	+4.721099E+04	+4.952674E+04	+5.184249E+04	+5.415824E+04	+5.647399E+04	+5.878975E+04	+6.110550E+04	+6.342125E+04	+6.573700E+04	+6.805275E+04	+7.036850E+04	+7.268425E+04	+7.500000E+04
+0.000000E+00	+4.613801E-03	+1.845520E-02	+4.152421E-02	+7.382082E-02	+1.153450E-01	+1.660968E-01	+2.260762E-01	+2.952833E-01	+3.737179E-01	+3.886994E-01	+4.041441E-01	+4.200609E-01	+4.364494E-01	+4.532963E-01	+4.705686E-01	+4.882048E-01	+5.061016E-01	+5.240939E-01	+5.419249E-01	+5.591983E-01	+5.753042E-01	+5.892943E-01	+5.996656E-01	+6.038310E-01
	
+0.000000E+00	+0.000000E+00	+0.000000E+00	+0.000000E+00	+0.000000E+00	+0.000000E+00	+0.000000E+00	+0.000000E+00	+0.000000E+00	+0.000000E+00	+0.000000E+00	+0.000000E+00	+0.000000E+00	+0.000000E+00	+0.000000E+00	+0.000000E+00	+0.000000E+00	+0.000000E+00	+0.000000E+00	+0.000000E+00	+0.000000E+00	+0.000000E+00	+0.000000E+00	+0.000000E+00	+0.000000E+00	+0.000000E+00	+0.000000E+00	+0.000000E+00	+0.000000E+00	+0.000000E+00	+0.000000E+00
+4.556905E-01	+5.822314E-01	+6.043115E-01	+6.469589E-01	+7.193434E-01	+8.811657E-01	+1.172111E+00	+1.684672E+00	+2.478672E+00	+3.617680E+00	+5.165971E+00	+7.167231E+00	+9.667107E+00	+1.268559E+01	+1.621738E+01	+2.022603E+01	+2.206023E+01	+2.391573E+01	+2.578688E+01	+2.766263E+01	+2.953564E+01	+3.141058E+01	+3.327619E+01	+3.512926E+01	+3.696754E+01	+3.879041E+01	+4.058718E+01	+4.236072E+01	+4.410583E+01	+4.581763E+01	+4.750110E+01
+1.822563E+00	+1.950190E+00	+1.971550E+00	+2.009595E+00	+2.070037E+00	+2.169494E+00	+2.349504E+00	+2.692702E+00	+3.295521E+00	+4.260838E+00	+5.669004E+00	+7.574578E+00	+9.997406E+00	+1.295968E+01	+1.644885E+01	+2.042261E+01	+2.224886E+01	+2.409478E+01	+2.595320E+01	+2.782124E+01	+2.968781E+01	+3.155464E+01	+3.341304E+01	+3.526147E+01	+3.709431E+01	+3.890956E+01	+4.070439E+01	+4.247358E+01	+4.421510E+01	+4.592963E+01	+4.760671E+01
+4.100142E+00	+4.229291E+00	+4.251180E+00	+4.287986E+00	+4.342137E+00	+4.424744E+00	+4.556336E+00	+4.786602E+00	+5.199151E+00	+5.910522E+00	+7.042999E+00	+8.693328E+00	+1.091075E+01	+1.370898E+01	+1.707571E+01	+2.095779E+01	+2.274842E+01	+2.456273E+01	+2.639655E+01	+2.823964E+01	+3.008766E+01	+3.193298E+01	+3.377639E+01	+3.560774E+01	+3.742815E+01	+3.922939E+01	+4.101224E+01	+4.277097E+01	+4.450184E+01	+4.620662E+01	+4.787886E+01
+7.287995E+00	+7.420493E+00	+7.441987E+00	+7.477582E+00	+7.531141E+00	+7.606069E+00	+7.715932E+00	+7.894279E+00	+8.194515E+00	+8.707759E+00	+9.564918E+00	+1.088571E+01	+1.277656E+01	+1.527965E+01	+1.839831E+01	+2.208269E+01	+2.379994E+01	+2.555394E+01	+2.732869E+01	+2.912404E+01	+3.092890E+01	+3.273635E+01	+3.454434E+01	+3.634330E+01	+3.813035E+01	+3.990975E+01	+4.166313E+01	+4.340127E+01	+4.511548E+01	+4.679957E+01	+4.845406E+01
+1.138610E+01	+1.152263E+01	+1.154426E+01	+1.157950E+01	+1.163289E+01	+1.170346E+01	+1.180389E+01	+1.195509E+01	+1.219400E+01	+1.258687E+01	+1.323985E+01	+1.427348E+01	+1.581205E+01	+1.794699E+01	+2.071056E+01	+2.408225E+01	+2.568618E+01	+2.733707E+01	+2.901949E+01	+3.073055E+01	+3.246107E+01	+3.419724E+01	+3.594327E+01	+3.768612E+01	+3.942368E+01	+4.115261E+01	+4.286756E+01	+4.456228E+01	+4.623833E+01	+4.788810E+01	+4.950825E+01
+1.639505E+01	+1.653679E+01	+1.655700E+01	+1.659536E+01	+1.664594E+01	+1.671796E+01	+1.681339E+01	+1.694904E+01	+1.715208E+01	+1.747337E+01	+1.799119E+01	+1.880938E+01	+2.004810E+01	+2.182117E+01	+2.419499E+01	+2.718809E+01	+2.864035E+01	+3.014918E+01	+3.170080E+01	+3.329429E+01	+3.491615E+01	+3.655335E+01	+3.820634E+01	+3.986921E+01	+4.153066E+01	+4.318710E+01	+4.483279E+01	+4.646700E+01	+4.808341E+01	+4.968001E+01	+5.125027E+01
+2.231590E+01	+2.246410E+01	+2.248411E+01	+2.252138E+01	+2.257650E+01	+2.264699E+01	+2.274000E+01	+2.286665E+01	+2.304846E+01	+2.332446E+01	+2.375527E+01	+2.442373E+01	+2.543686E+01	+2.690412E+01	+2.891569E+01	+3.151658E+01	+3.279923E+01	+3.414845E+01	+3.555241E+01	+3.700291E+01	+3.848969E+01	+4.000402E+01	+4.153669E+01	+4.308885E+01	+4.464896E+01	+4.620745E+01	+4.776653E+01	+4.931804E+01	+5.085445E+01	+5.237529E+01	+5.387658E+01
+2.914958E+01	+2.930261E+01	+2.932540E+01	+2.936649E+01	+2.942052E+01	+2.949174E+01	+2.958444E+01	+2.970713E+01	+2.987712E+01	+3.012250E+01	+3.049231E+01	+3.105965E+01	+3.190845E+01	+3.313864E+01	+3.484612E+01	+3.708705E+01	+3.820952E+01	+3.940023E+01	+4.064637E+01	+4.194238E+01	+4.328205E+01	+4.465873E+01	+4.605931E+01	+4.748589E+01	+4.892043E+01	+5.037194E+01	+5.182199E+01	+5.326962E+01	+5.471033E+01	+5.614131E+01	+5.755515E+01
+3.689627E+01	+3.705763E+01	+3.708123E+01	+3.712066E+01	+3.718012E+01	+3.725335E+01	+3.734748E+01	+3.746846E+01	+3.763120E+01	+3.785942E+01	+3.819215E+01	+3.868621E+01	+3.941661E+01	+4.047018E+01	+4.192956E+01	+4.386805E+01	+4.484750E+01	+4.588947E+01	+4.698827E+01	+4.813640E+01	+4.933241E+01	+5.056421E+01	+5.183159E+01	+5.312115E+01	+5.443074E+01	+5.575680E+01	+5.708849E+01	+5.842460E+01	+5.975923E+01	+6.108829E+01	+6.185253E+01
+3.837607E+01	+3.854292E+01	+3.856283E+01	+3.860646E+01	+3.866256E+01	+3.873619E+01	+3.883040E+01	+3.895207E+01	+3.911405E+01	+3.933976E+01	+3.966689E+01	+4.015127E+01	+4.086464E+01	+4.188958E+01	+4.331587E+01	+4.520510E+01	+4.615851E+01	+4.717676E+01	+4.824864E+01	+4.937399E+01	+5.054367E+01	+5.175247E+01	+5.299369E+01	+5.426121E+01	+5.554891E+01	+5.685074E+01	+5.816286E+01	+5.947763E+01	+6.079234E+01	+6.185272E+01	NaN
+3.990165E+01	+4.006634E+01	+4.009029E+01	+4.013434E+01	+4.019085E+01	+4.026492E+01	+4.035973E+01	+4.048128E+01	+4.064287E+01	+4.086564E+01	+4.118795E+01	+4.166391E+01	+4.236085E+01	+4.336217E+01	+4.474878E+01	+4.659022E+01	+4.752196E+01	+4.851446E+01	+4.956585E+01	+5.066432E+01	+5.180990E+01	+5.299387E+01	+5.421079E+01	+5.545560E+01	+5.671792E+01	+5.799875E+01	+5.928907E+01	+6.058413E+01	+6.185292E+01	NaN	NaN
+4.147389E+01	+4.164033E+01	+4.166448E+01	+4.170901E+01	+4.176596E+01	+4.184053E+01	+4.193582E+01	+4.205762E+01	+4.221827E+01	+4.244022E+01	+4.275857E+01	+4.322424E+01	+4.390535E+01	+4.488099E+01	+4.623628E+01	+4.803145E+01	+4.894161E+01	+4.990984E+01	+5.093478E+01	+5.201068E+01	+5.313090E+01	+5.429163E+01	+5.548266E+01	+5.670032E+01	+5.794234E+01	+5.920101E+01	+6.046856E+01	+6.185313E+01	NaN	NaN	NaN
+4.309277E+01	+4.326103E+01	+4.328971E+01	+4.333039E+01	+4.338770E+01	+4.346295E+01	+4.355875E+01	+4.368092E+01	+4.384145E+01	+4.406175E+01	+4.437569E+01	+4.483223E+01	+4.549927E+01	+4.645171E+01	+4.777078E+01	+4.952263E+01	+5.041016E+01	+5.135633E+01	+5.235903E+01	+5.341096E+01	+5.450683E+01	+5.564093E+01	+5.680821E+01	+5.800632E+01	+5.922322E+01	+6.045710E+01	+6.185337E+01	NaN	NaN	NaN	NaN
+4.475697E+01	+4.492712E+01	+4.495618E+01	+4.499722E+01	+4.505504E+01	+4.513087E+01	+4.522711E+01	+4.534976E+01	+4.551018E+01	+4.572859E+01	+4.603891E+01	+4.648846E+01	+4.714028E+01	+4.807202E+01	+4.935768E+01	+5.106706E+01	+5.193243E+01	+5.285712E+01	+5.383706E+01	+5.486412E+01	+5.593662E+01	+5.704775E+01	+5.819171E+01	+5.936498E+01	+6.055878E+01	+6.185361E+01	NaN	NaN	NaN	NaN	NaN
+4.646325E+01	+4.663535E+01	+4.666015E+01	+4.670623E+01	+4.675998E+01	+4.684104E+01	+4.693803E+01	+4.706093E+01	+4.722116E+01	+4.743876E+01	+4.774522E+01	+4.818763E+01	+4.882497E+01	+4.973611E+01	+5.099192E+01	+5.266007E+01	+5.350540E+01	+5.440777E+01	+5.536352E+01	+5.637037E+01	+5.741944E+01	+5.850562E+01	+5.962751E+01	+6.077678E+01	+6.185388E+01	NaN	NaN	NaN	NaN	NaN	NaN
+4.820556E+01	+4.837968E+01	+4.840472E+01	+4.845139E+01	+4.851038E+01	+4.858743E+01	+4.868515E+01	+4.880883E+01	+4.896901E+01	+4.918619E+01	+4.948878E+01	+4.992360E+01	+5.054946E+01	+5.144098E+01	+5.266805E+01	+5.429564E+01	+5.512066E+01	+5.600318E+01	+5.693770E+01	+5.792118E+01	+5.894549E+01	+6.001142E+01	+6.110847E+01	+6.185416E+01	NaN	NaN	NaN	NaN	NaN	NaN	NaN
+4.997375E+01	+5.015494E+01	+5.018024E+01	+5.021749E+01	+5.028205E+01	+5.035478E+01	+5.045823E+01	+5.058253E+01	+5.074347E+01	+5.095884E+01	+5.125800E+01	+5.168784E+01	+5.230208E+01	+5.317467E+01	+5.437383E+01	+5.596504E+01	+5.677116E+01	+5.763237E+01	+5.854547E+01	+5.950851E+01	+6.051163E+01	+6.155459E+01	+6.185445E+01	NaN	NaN	NaN	NaN	NaN	NaN	NaN	NaN
+5.175155E+01	+5.193501E+01	+5.195538E+01	+5.199808E+01	+5.206345E+01	+5.214199E+01	+5.224130E+01	+5.236644E+01	+5.252767E+01	+5.274198E+01	+5.304026E+01	+5.346271E+01	+5.406774E+01	+5.492202E+01	+5.609585E+01	+5.765135E+01	+5.843923E+01	+5.928207E+01	+6.017579E+01	+6.111570E+01	+6.185475E+01	+6.185476E+01	NaN	NaN	NaN	NaN	NaN	NaN	NaN	NaN	NaN
+5.351361E+01	+5.369399E+01	+5.371982E+01	+5.376297E+01	+5.382914E+01	+5.390846E+01	+5.400843E+01	+5.413445E+01	+5.429599E+01	+5.451060E+01	+5.480611E+01	+5.522262E+01	+5.581890E+01	+5.665662E+01	+5.780557E+01	+5.932943E+01	+6.010068E+01	+6.092671E+01	+6.180155E+01	+6.185511E+01	+6.185507E+01	NaN	NaN	NaN	NaN	NaN	NaN	NaN	NaN	NaN	NaN
+5.522086E+01	+5.540330E+01	+5.543497E+01	+5.547858E+01	+5.553997E+01	+5.562026E+01	+5.572106E+01	+5.584778E+01	+5.600980E+01	+5.622394E+01	+5.651719E+01	+5.693010E+01	+5.751765E+01	+5.834040E+01	+5.946852E+01	+6.096085E+01	+6.171929E+01	+6.185536E+01	+6.185537E+01	+6.185539E+01	NaN	NaN	NaN	NaN	NaN	NaN	NaN	NaN	NaN	NaN	NaN
+5.680733E+01	+5.699742E+01	+5.702950E+01	+5.707354E+01	+5.713550E+01	+5.721633E+01	+5.731833E+01	+5.744587E+01	+5.760828E+01	+5.782240E+01	+5.811498E+01	+5.852361E+01	+5.910253E+01	+5.991314E+01	+6.102305E+01	+6.185565E+01	+6.185566E+01	+6.185568E+01	+6.185570E+01	NaN	NaN	NaN	NaN	NaN	NaN	NaN	NaN	NaN	NaN	NaN	NaN
+5.819046E+01	+5.838242E+01	+5.841488E+01	+5.845931E+01	+5.852190E+01	+5.860345E+01	+5.870593E+01	+5.883429E+01	+5.899745E+01	+5.921167E+01	+5.950277E+01	+5.990972E+01	+6.048226E+01	+6.128250E+01	+6.185589E+01	+6.185593E+01	+6.185595E+01	+6.185597E+01	NaN	NaN	NaN	NaN	NaN	NaN	NaN	NaN	NaN	NaN	NaN	NaN	NaN
+5.922195E+01	+5.940940E+01	+5.943618E+01	+5.948684E+01	+5.954982E+01	+5.963191E+01	+5.973495E+01	+5.986363E+01	+6.002733E+01	+6.024132E+01	+6.053199E+01	+6.093641E+01	+6.150477E+01	+6.185606E+01	+6.185611E+01	+6.185616E+01	+6.185619E+01	NaN	NaN	NaN	NaN	NaN	NaN	NaN	NaN	NaN	NaN	NaN	NaN	NaN	NaN
+5.963394E+01	+5.982790E+01	+5.985476E+01	+5.989965E+01	+5.996278E+01	+6.004504E+01	+6.014858E+01	+6.027762E+01	+6.044154E+01	+6.065565E+01	+6.094538E+01	+6.134901E+01	+6.185611E+01	+6.185615E+01	+6.185621E+01	+6.184361E+01	NaN	NaN	NaN	NaN	NaN	NaN	NaN	NaN	NaN	NaN	NaN	NaN	NaN	NaN	NaN

+0.000000E+00	+0.000000E+00	+0.000000E+00	+0.000000E+00	+0.000000E+00	+0.000000E+00	+0.000000E+00	+0.000000E+00	+0.000000E+00	+0.000000E+00	+0.000000E+00	+0.000000E+00	+0.000000E+00	+0.000000E+00	+0.000000E+00	+0.000000E+00	+0.000000E+00	+0.000000E+00	+0.000000E+00	+0.000000E+00	+0.000000E+00	+0.000000E+00	+0.000000E+00	+0.000000E+00	+0.000000E+00	+0.000000E+00	+0.000000E+00	+0.000000E+00	+0.000000E+00	+0.000000E+00	+0.000000E+00
-0.000000E+00	-4.890604E-03	-3.220361E-02	-1.030184E-01	-2.100161E-01	-4.612013E-01	-8.309706E-01	-1.415022E+00	-2.262531E+00	-3.440367E+00	-5.017329E+00	-7.040106E+00	-9.556893E+00	-1.258913E+01	-1.613242E+01	-2.015088E+01	-2.198882E+01	-2.384776E+01	-2.572209E+01	-2.760077E+01	-2.947648E+01	-3.135393E+01	-3.322189E+01	-3.507713E+01	-3.691744E+01	-3.874222E+01	-4.054074E+01	-4.231594E+01	-4.406256E+01	-4.577577E+01	-4.746056E+01
-0.000000E+00	-6.858028E-03	-3.517661E-02	-1.103285E-01	-2.403806E-01	-4.657874E-01	-8.386155E-01	-1.428669E+00	-2.278919E+00	-3.459819E+00	-5.038541E+00	-7.072445E+00	-9.590368E+00	-1.262425E+01	-1.616814E+01	-2.018441E+01	-2.202593E+01	-2.388535E+01	-2.575578E+01	-2.763459E+01	-2.951082E+01	-3.138641E+01	-3.325276E+01	-3.510843E+01	-3.694789E+01	-3.876919E+01	-4.056959E+01	-4.234388E+01	-4.409010E+01	-4.580896E+01	-4.749000E+01
-0.000000E+00	-1.102199E-02	-4.000185E-02	-1.175059E-01	-2.434216E-01	-4.795311E-01	-8.591132E-01	-1.447636E+00	-2.304259E+00	-3.494278E+00	-5.079582E+00	-7.116955E+00	-9.643330E+00	-1.268043E+01	-1.623030E+01	-2.025266E+01	-2.209273E+01	-2.395030E+01	-2.582230E+01	-2.769920E+01	-2.957733E+01	-3.144957E+01	-3.331725E+01	-3.517045E+01	-3.701070E+01	-3.882993E+01	-4.062919E+01	-4.240290E+01	-4.414745E+01	-4.586479E+01	-4.754854E+01
-0.000000E+00	-1.619202E-02	-4.540697E-02	-1.194385E-01	-2.524387E-01	-4.931579E-01	-8.811603E-01	-1.480044E+00	-2.341779E+00	-3.531495E+00	-5.132243E+00	-7.177255E+00	-9.715782E+00	-1.276127E+01	-1.631698E+01	-2.034562E+01	-2.218527E+01	-2.404703E+01	-2.591662E+01	-2.779626E+01	-2.967613E+01	-3.155057E+01	-3.341879E+01	-3.527189E+01	-3.710785E+01	-3.893179E+01	-4.072545E+01	-4.250045E+01	-4.424835E+01	-4.596318E+01	-4.764586E+01
-0.000000E+00	-2.393875E-02	-5.656039E-02	-1.342337E-01	-2.702572E-01	-5.144397E-01	-9.098633E-01	-1.516073E+00	-2.389310E+00	-3.591015E+00	-5.196149E+00	-7.255078E+00	-9.805242E+00	-1.286676E+01	-1.642965E+01	-2.046524E+01	-2.231138E+01	-2.417841E+01	-2.605282E+01	-2.793619E+01	-2.981998E+01	-3.169383E+01	-3.356431E+01	-3.541939E+01	-3.725866E+01	-3.908006E+01	-4.087921E+01	-4.265062E+01	-4.439692E+01	-4.611094E+01	-4.778992E+01
-0.000000E+00	-3.523135E-02	-7.093253E-02	-1.486726E-01	-2.878795E-01	-5.347554E-01	-9.445285E-01	-1.567901E+00	-2.448014E+00	-3.663823E+00	-5.280512E+00	-7.348048E+00	-9.907749E+00	-1.298513E+01	-1.656381E+01	-2.061726E+01	-2.247173E+01	-2.434395E+01	-2.622302E+01	-2.811357E+01	-3.000419E+01	-3.188404E+01	-3.375766E+01	-3.562152E+01	-3.746569E+01	-3.928876E+01	-4.108655E+01	-4.286018E+01	-4.460436E+01	-4.631835E+01	-4.799635E+01
-1.776873E-03	-5.055076E-02	-8.926420E-02	-1.712191E-01	-3.172317E-01	-5.777471E-01	-9.909499E-01	-1.615790E+00	-2.510703E+00	-3.746719E+00	-5.382697E+00	-7.463316E+00	-1.003938E+01	-1.312994E+01	-1.673007E+01	-2.080451E+01	-2.266496E+01	-2.454722E+01	-2.644065E+01	-2.834026E+01	-3.023832E+01	-3.212906E+01	-3.400597E+01	-3.587495E+01	-3.772568E+01	-3.955031E+01	-4.135465E+01	-4.313186E+01	-4.487565E+01	-4.658776E+01	-4.826553E+01
-8.034738E-03	-7.418405E-02	-1.013434E-01	-1.885054E-01	-3.522044E-01	-6.098645E-01	-1.041371E+00	-1.682989E+00	-2.600978E+00	-3.838969E+00	-5.479659E+00	-7.593568E+00	-1.019191E+01	-1.330244E+01	-1.692989E+01	-2.102575E+01	-2.289976E+01	-2.479551E+01	-2.669751E+01	-2.860344E+01	-3.050990E+01	-3.241289E+01	-3.429943E+01	-3.617769E+01	-3.802813E+01	-3.986708E+01	-4.167447E+01	-4.345286E+01	-4.519988E+01	-4.691493E+01	-4.859160E+01
-1.852571E-02	-9.978308E-02	-1.375282E-01	-2.240329E-01	-3.980338E-01	-6.759917E-01	-1.123444E+00	-1.758347E+00	-2.687917E+00	-3.956482E+00	-5.626761E+00	-7.752945E+00	-1.037664E+01	-1.351721E+01	-1.715972E+01	-2.128641E+01	-2.317408E+01	-2.507723E+01	-2.698965E+01	-2.890309E+01	-3.082050E+01	-3.272721E+01	-3.462848E+01	-3.650888E+01	-3.837056E+01	-4.021301E+01	-4.202522E+01	-4.380981E+01	-4.556246E+01	-4.728118E+01	-4.824271E+01
-2.101013E-02	-1.118879E-01	-1.500614E-01	-2.524195E-01	-4.124841E-01	-6.880885E-01	-1.124777E+00	-1.782875E+00	-2.711667E+00	-3.980574E+00	-5.652518E+00	-7.786353E+00	-1.041568E+01	-1.355437E+01	-1.721408E+01	-2.134223E+01	-2.322626E+01	-2.513227E+01	-2.704226E+01	-2.896108E+01	-3.087756E+01	-3.278836E+01	-3.468796E+01	-3.657211E+01	-3.843658E+01	-4.027728E+01	-4.209317E+01	-4.387765E+01	-4.563091E+01	-4.701863E+01	NaN
-2.374190E-02	-1.149360E-01	-1.593905E-01	-2.511603E-01	-4.204674E-01	-6.958028E-01	-1.144540E+00	-1.795655E+00	-2.732620E+00	-3.995574E+00	-5.675659E+00	-7.822561E+00	-1.045639E+01	-1.360601E+01	-1.725990E+01	-2.139151E+01	-2.328038E+01	-2.518442E+01	-2.710354E+01	-2.901981E+01	-3.093884E+01	-3.285056E+01	-3.475139E+01	-3.663838E+01	-3.850061E+01	-4.034457E+01	-4.216133E+01	-4.394839E+01	-4.567053E+01	NaN	NaN
-2.673369E-02	-1.192159E-01	-1.697947E-01	-2.663415E-01	-4.334098E-01	-7.094133E-01	-1.159833E+00	-1.814003E+00	-2.745327E+00	-4.027658E+00	-5.715325E+00	-7.857347E+00	-1.049562E+01	-1.364650E+01	-1.731635E+01	-2.145036E+01	-2.334285E+01	-2.524643E+01	-2.716233E+01	-2.908345E+01	-3.100235E+01	-3.291744E+01	-3.481666E+01	-3.669954E+01	-3.856752E+01	-4.041327E+01	-4.222976E+01	-4.418105E+01	NaN	NaN	NaN
-2.999812E-02	-1.203695E-01	-1.788726E-01	-2.641484E-01	-4.226935E-01	-7.228451E-01	-1.174508E+00	-1.833115E+00	-2.771349E+00	-4.057055E+00	-5.747315E+00	-7.890361E+00	-1.053843E+01	-1.369500E+01	-1.736243E+01	-2.150467E+01	-2.339770E+01	-2.530489E+01	-2.722518E+01	-2.914785E+01	-3.106792E+01	-3.298022E+01	-3.488128E+01	-3.677215E+01	-3.863822E+01	-4.048180E+01	-4.252963E+01	NaN	NaN	NaN	NaN
-3.370394E-02	-1.394297E-01	-1.842583E-01	-2.746395E-01	-4.380743E-01	-7.368063E-01	-1.183101E+00	-1.849992E+00	-2.794108E+00	-4.079181E+00	-5.778679E+00	-7.933459E+00	-1.058024E+01	-1.374854E+01	-1.741693E+01	-2.156502E+01	-2.345793E+01	-2.536870E+01	-2.729123E+01	-2.921285E+01	-3.113526E+01	-3.305059E+01	-3.495368E+01	-3.684364E+01	-3.871088E+01	-4.069186E+01	NaN	NaN	NaN	NaN	NaN
-3.771036E-02	-1.434514E-01	-1.906198E-01	-2.808221E-01	-4.629536E-01	-7.502059E-01	-1.204400E+00	-1.865357E+00	-2.812331E+00	-4.109795E+00	-5.811258E+00	-7.973760E+00	-1.061984E+01	-1.379738E+01	-1.747454E+01	-2.162759E+01	-2.352370E+01	-2.543468E+01	-2.735524E+01	-2.928415E+01	-3.120780E+01	-3.312176E+01	-3.502863E+01	-3.691853E+01	-3.863846E+01	NaN	NaN	NaN	NaN	NaN	NaN
-4.202174E-02	-1.516450E-01	-2.015216E-01	-2.975622E-01	-4.780002E-01	-7.653323E-01	-1.222877E+00	-1.893303E+00	-2.838969E+00	-4.149179E+00	-5.846864E+00	-8.010153E+00	-1.066771E+01	-1.385258E+01	-1.753672E+01	-2.169160E+01	-2.358856E+01	-2.550383E+01	-2.742711E+01	-2.935551E+01	-3.127674E+01	-3.319730E+01	-3.510216E+01	-3.633418E+01	NaN	NaN	NaN	NaN	NaN	NaN	NaN
-4.654090E-02	-1.658193E-01	-2.111169E-01	-3.114851E-01	-4.864562E-01	-7.788341E-01	-1.235820E+00	-1.910260E+00	-2.873056E+00	-4.172262E+00	-5.872006E+00	-8.053498E+00	-1.071623E+01	-1.390666E+01	-1.759604E+01	-2.175961E+01	-2.365860E+01	-2.557266E+01	-2.749660E+01	-2.942914E+01	-3.135343E+01	-3.327409E+01	-3.373617E+01	NaN	NaN	NaN	NaN	NaN	NaN	NaN	NaN
-5.192644E-02	-1.692473E-01	-2.192676E-01	-3.169316E-01	-5.029252E-01	-7.969467E-01	-1.260211E+00	-1.939175E+00	-2.903201E+00	-4.199782E+00	-5.922299E+00	-8.094114E+00	-1.077123E+01	-1.396308E+01	-1.766026E+01	-2.182801E+01	-2.372824E+01	-2.564573E+01	-2.757252E+01	-2.950115E+01	-3.092389E+01	-3.079196E+01	NaN	NaN	NaN	NaN	NaN	NaN	NaN	NaN	NaN
-5.750857E-02	-1.824574E-01	-2.245446E-01	-3.256021E-01	-5.136772E-01	-8.122482E-01	-1.266251E+00	-1.957064E+00	-2.924060E+00	-4.238064E+00	-5.957928E+00	-8.129808E+00	-1.082017E+01	-1.401601E+01	-1.771660E+01	-2.189448E+01	-2.379719E+01	-2.571917E+01	-2.764715E+01	-2.759986E+01	-2.743675E+01	NaN	NaN	NaN	NaN	NaN	NaN	NaN	NaN	NaN	NaN
-6.590635E-02	-1.922903E-01	-2.484375E-01	-3.467494E-01	-5.227869E-01	-8.462896E-01	-1.292880E+00	-1.979100E+00	-2.948824E+00	-4.264822E+00	-5.986241E+00	-8.172620E+00	-1.086844E+01	-1.406777E+01	-1.777783E+01	-2.195656E+01	-2.386847E+01	-2.402006E+01	-2.379955E+01	-2.358964E+01	NaN	NaN	NaN	NaN	NaN	NaN	NaN	NaN	NaN	NaN	NaN
-7.182308E-02	-1.947963E-01	-2.538012E-01	-3.544228E-01	-5.258945E-01	-8.323118E-01	-1.315291E+00	-2.002470E+00	-2.970702E+00	-4.293078E+00	-6.028073E+00	-8.213724E+00	-1.090780E+01	-1.411589E+01	-1.783496E+01	-2.002860E+01	-1.973676E+01	-1.943707E+01	-1.914853E+01	NaN	NaN	NaN	NaN	NaN	NaN	NaN	NaN	NaN	NaN	NaN	NaN
-7.693899E-02	-2.042965E-01	-2.670867E-01	-3.606300E-01	-5.558452E-01	-8.604564E-01	-1.321322E+00	-2.017011E+00	-2.994233E+00	-4.321050E+00	-6.055123E+00	-8.256733E+00	-1.095135E+01	-1.416278E+01	-1.582214E+01	-1.488126E+01	-1.442921E+01	-1.398279E+01	NaN	NaN	NaN	NaN	NaN	NaN	NaN	NaN	NaN	NaN	NaN	NaN	NaN
-8.292870E-02	-2.057085E-01	-2.677831E-01	-3.593784E-01	-5.545387E-01	-8.686108E-01	-1.329306E+00	-2.018208E+00	-3.004595E+00	-4.331100E+00	-6.074292E+00	-8.276410E+00	-1.097622E+01	-1.189644E+01	-1.058222E+01	-8.835518E+00	-7.922394E+00	NaN	NaN	NaN	NaN	NaN	NaN	NaN	NaN	NaN	NaN	NaN	NaN	NaN	NaN
-8.235661E-02	-2.169442E-01	-2.612630E-01	-3.859900E-01	-5.668410E-01	-8.718891E-01	-1.350719E+00	-2.038278E+00	-3.021032E+00	-4.346532E+00	-6.080729E+00	-8.285052E+00	-1.061043E+01	-9.200306E+00	-7.214457E+00	-7.412143E-01	NaN	NaN	NaN	NaN	NaN	NaN	NaN	NaN	NaN	NaN	NaN	NaN	NaN	NaN	NaN

+0.000000E+00	+0.000000E+00	+0.000000E+00	+0.000000E+00	+0.000000E+00	+0.000000E+00	+0.000000E+00	+0.000000E+00	+0.000000E+00	+0.000000E+00	+0.000000E+00	+0.000000E+00	+0.000000E+00	+0.000000E+00	+0.000000E+00	+0.000000E+00	+0.000000E+00	+0.000000E+00	+0.000000E+00	+0.000000E+00	+0.000000E+00	+0.000000E+00	+0.000000E+00	+0.000000E+00	+0.000000E+00	+0.000000E+00	+0.000000E+00	+0.000000E+00	+0.000000E+00	+0.000000E+00	+0.000000E+00
+4.556905E-01	+5.822108E-01	+6.034529E-01	+6.387042E-01	+6.880030E-01	+7.508305E-01	+8.266390E-01	+9.142390E-01	+1.012308E+00	+1.118698E+00	+1.230312E+00	+1.343913E+00	+1.455594E+00	+1.561419E+00	+1.657781E+00	+1.741914E+00	+1.773562E+00	+1.801799E+00	+1.826828E+00	+1.848981E+00	+1.868534E+00	+1.885504E+00	+1.900261E+00	+1.913007E+00	+1.923917E+00	+1.933132E+00	+1.941026E+00	+1.947461E+00	+1.953263E+00	+1.958084E+00	+1.962108E+00
+1.822563E+00	+1.950178E+00	+1.971236E+00	+2.006564E+00	+2.056032E+00	+2.118902E+00	+2.194742E+00	+2.282444E+00	+2.380544E+00	+2.486843E+00	+2.598213E+00	+2.711966E+00	+2.823646E+00	+2.929463E+00	+3.025842E+00	+3.110066E+00	+3.141673E+00	+3.169935E+00	+3.195085E+00	+3.217284E+00	+3.236878E+00	+3.253949E+00	+3.268808E+00	+3.281614E+00	+3.292620E+00	+3.301997E+00	+3.309932E+00	+3.316672E+00	+3.322381E+00	+3.327158E+00	+3.331369E+00
+4.100142E+00	+4.229276E+00	+4.250992E+00	+4.286376E+00	+4.335308E+00	+4.398683E+00	+4.474608E+00	+4.562445E+00	+4.660639E+00	+4.767000E+00	+4.878697E+00	+4.992284E+00	+5.103986E+00	+5.209895E+00	+5.306333E+00	+5.390632E+00	+5.422362E+00	+5.450764E+00	+5.475993E+00	+5.498351E+00	+5.518032E+00	+5.535312E+00	+5.550286E+00	+5.563301E+00	+5.574450E+00	+5.584042E+00	+5.592179E+00	+5.599113E+00	+5.605049E+00	+5.610054E+00	+5.614393E+00
+7.287995E+00	+7.420475E+00	+7.441849E+00	+7.476628E+00	+7.526909E+00	+7.590065E+00	+7.665452E+00	+7.754296E+00	+7.852780E+00	+7.959498E+00	+8.071415E+00	+8.184479E+00	+8.297237E+00	+8.403440E+00	+8.500237E+00	+8.584927E+00	+8.616901E+00	+8.645460E+00	+8.670988E+00	+8.693546E+00	+8.713455E+00	+8.730960E+00	+8.746204E+00	+8.759512E+00	+8.771061E+00	+8.780852E+00	+8.789439E+00	+8.796668E+00	+8.802856E+00	+8.808263E+00	+8.812976E+00
+1.138610E+01	+1.152260E+01	+1.154412E+01	+1.157872E+01	+1.162975E+01	+1.169214E+01	+1.176877E+01	+1.185857E+01	+1.195762E+01	+1.206374E+01	+1.217758E+01	+1.229212E+01	+1.240477E+01	+1.251164E+01	+1.260929E+01	+1.269364E+01	+1.272723E+01	+1.275616E+01	+1.278207E+01	+1.280375E+01	+1.282534E+01	+1.284336E+01	+1.285906E+01	+1.287283E+01	+1.288482E+01	+1.289521E+01	+1.290420E+01	+1.291207E+01	+1.291886E+01	+1.292485E+01	+1.293024E+01
+1.639505E+01	+1.653676E+01	+1.655684E+01	+1.659469E+01	+1.664345E+01	+1.670940E+01	+1.678684E+01	+1.687636E+01	+1.697649E+01	+1.708494E+01	+1.719881E+01	+1.731471E+01	+1.742880E+01	+1.753710E+01	+1.763627E+01	+1.772344E+01	+1.775644E+01	+1.778610E+01	+1.781274E+01	+1.783639E+01	+1.785739E+01	+1.787612E+01	+1.789259E+01	+1.790701E+01	+1.791975E+01	+1.793096E+01	+1.794086E+01	+1.794957E+01	+1.795731E+01	+1.796422E+01	+1.797057E+01
+2.231590E+01	+2.246404E+01	+2.248393E+01	+2.252073E+01	+2.257427E+01	+2.263962E+01	+2.271840E+01	+2.280949E+01	+2.291131E+01	+2.302157E+01	+2.313740E+01	+2.325549E+01	+2.337188E+01	+2.348268E+01	+2.358436E+01	+2.367419E+01	+2.370842E+01	+2.373922E+01	+2.376691E+01	+2.379169E+01	+2.381387E+01	+2.383369E+01	+2.385143E+01	+2.386708E+01	+2.388102E+01	+2.389356E+01	+2.390468E+01	+2.391469E+01	+2.392385E+01	+2.393223E+01	+2.394002E+01
+2.914958E+01	+2.930251E+01	+2.932522E+01	+2.936589E+01	+2.941841E+01	+2.948543E+01	+2.956611E+01	+2.965942E+01	+2.976369E+01	+2.987687E+01	+2.999591E+01	+3.011710E+01	+3.023697E+01	+3.035152E+01	+3.045704E+01	+3.055106E+01	+3.058705E+01	+3.061961E+01	+3.064915E+01	+3.067584E+01	+3.069986E+01	+3.072144E+01	+3.074100E+01	+3.075849E+01	+3.077450E+01	+3.078876E+01	+3.080190E+01	+3.081398E+01	+3.082518E+01	+3.083563E+01	+3.084560E+01
+3.689626E+01	+3.705749E+01	+3.708097E+01	+3.711998E+01	+3.717799E+01	+3.724722E+01	+3.733058E+01	+3.742718E+01	+3.753508E+01	+3.765212E+01	+3.777538E+01	+3.790138E+01	+3.802623E+01	+3.814604E+01	+3.825745E+01	+3.835745E+01	+3.839610E+01	+3.843144E+01	+3.846370E+01	+3.849317E+01	+3.851991E+01	+3.854438E+01	+3.856659E+01	+3.858702E+01	+3.860578E+01	+3.862299E+01	+3.863905E+01	+3.865404E+01	+3.866818E+01	+3.868163E+01	+3.870886E+01
+3.837607E+01	+3.854275E+01	+3.856254E+01	+3.860564E+01	+3.866035E+01	+3.873008E+01	+3.881410E+01	+3.891125E+01	+3.901994E+01	+3.913786E+01	+3.926208E+01	+3.938905E+01	+3.951497E+01	+3.963604E+01	+3.974846E+01	+3.984985E+01	+3.988921E+01	+3.992513E+01	+3.995808E+01	+3.998808E+01	+4.001548E+01	+4.004051E+01	+4.006340E+01	+4.008440E+01	+4.010375E+01	+4.012166E+01	+4.013830E+01	+4.015396E+01	+4.016875E+01	+4.018715E+01	NaN
+3.990165E+01	+4.006617E+01	+4.008997E+01	+4.013355E+01	+4.018865E+01	+4.025890E+01	+4.034349E+01	+4.044143E+01	+4.055090E+01	+4.066984E+01	+4.079503E+01	+4.092296E+01	+4.105004E+01	+4.117225E+01	+4.128619E+01	+4.138903E+01	+4.142898E+01	+4.146562E+01	+4.149906E+01	+4.152980E+01	+4.155784E+01	+4.158354E+01	+4.160710E+01	+4.162874E+01	+4.164884E+01	+4.166739E+01	+4.168472E+01	+4.170103E+01	+4.171314E+01	NaN	NaN
+4.147388E+01	+4.164016E+01	+4.166413E+01	+4.170816E+01	+4.176371E+01	+4.183452E+01	+4.191977E+01	+4.201848E+01	+4.212891E+01	+4.224867E+01	+4.237488E+01	+4.250408E+01	+4.263241E+01	+4.275601E+01	+4.287118E+01	+4.297560E+01	+4.301619E+01	+4.305357E+01	+4.308781E+01	+4.311918E+01	+4.314797E+01	+4.317433E+01	+4.319868E+01	+4.322117E+01	+4.324189E+01	+4.326115E+01	+4.327925E+01	+4.328794E+01	NaN	NaN	NaN
+4.309276E+01	+4.326086E+01	+4.328935E+01	+4.332958E+01	+4.338564E+01	+4.345694E+01	+4.354291E+01	+4.364244E+01	+4.375377E+01	+4.387458E+01	+4.400193E+01	+4.413242E+01	+4.426201E+01	+4.438703E+01	+4.450386E+01	+4.460986E+01	+4.465123E+01	+4.468931E+01	+4.472425E+01	+4.475637E+01	+4.478592E+01	+4.481315E+01	+4.483826E+01	+4.486136E+01	+4.488293E+01	+4.490306E+01	+4.491179E+01	NaN	NaN	NaN	NaN
+4.475696E+01	+4.492690E+01	+4.495580E+01	+4.499638E+01	+4.505292E+01	+4.512485E+01	+4.521163E+01	+4.531201E+01	+4.542432E+01	+4.554628E+01	+4.567481E+01	+4.580652E+01	+4.593762E+01	+4.606405E+01	+4.618259E+01	+4.629033E+01	+4.633253E+01	+4.637137E+01	+4.640710E+01	+4.644008E+01	+4.647043E+01	+4.649843E+01	+4.652435E+01	+4.654833E+01	+4.657074E+01	+4.658371E+01	NaN	NaN	NaN	NaN	NaN
+4.646323E+01	+4.663513E+01	+4.665976E+01	+4.670538E+01	+4.675769E+01	+4.683503E+01	+4.692257E+01	+4.702395E+01	+4.713734E+01	+4.726040E+01	+4.739025E+01	+4.752333E+01	+4.765603E+01	+4.778402E+01	+4.790424E+01	+4.801386E+01	+4.805687E+01	+4.809660E+01	+4.813326E+01	+4.816698E+01	+4.819819E+01	+4.822713E+01	+4.825387E+01	+4.827876E+01	+4.830084E+01	NaN	NaN	NaN	NaN	NaN	NaN
+4.820555E+01	+4.837944E+01	+4.840430E+01	+4.845048E+01	+4.850802E+01	+4.858140E+01	+4.866979E+01	+4.877210E+01	+4.888665E+01	+4.901087E+01	+4.914218E+01	+4.927680E+01	+4.941101E+01	+4.954069E+01	+4.966273E+01	+4.977440E+01	+4.981833E+01	+4.985891E+01	+4.989645E+01	+4.993112E+01	+4.996335E+01	+4.999309E+01	+5.002083E+01	+5.005761E+01	NaN	NaN	NaN	NaN	NaN	NaN	NaN
+4.997373E+01	+5.015467E+01	+5.017980E+01	+5.021652E+01	+5.027969E+01	+5.034876E+01	+5.044310E+01	+5.054645E+01	+5.066207E+01	+5.078775E+01	+5.092055E+01	+5.105658E+01	+5.119248E+01	+5.132398E+01	+5.144796E+01	+5.156166E+01	+5.160654E+01	+5.164813E+01	+5.168664E+01	+5.172223E+01	+5.175538E+01	+5.178612E+01	+5.184442E+01	NaN	NaN	NaN	NaN	NaN	NaN	NaN	NaN
+5.175152E+01	+5.193474E+01	+5.195492E+01	+5.199711E+01	+5.206102E+01	+5.213590E+01	+5.222610E+01	+5.233052E+01	+5.244738E+01	+5.257451E+01	+5.270859E+01	+5.284644E+01	+5.298397E+01	+5.311742E+01	+5.324340E+01	+5.335931E+01	+5.340519E+01	+5.344773E+01	+5.348722E+01	+5.352392E+01	+5.356979E+01	+5.364575E+01	NaN	NaN	NaN	NaN	NaN	NaN	NaN	NaN	NaN
+5.351358E+01	+5.369368E+01	+5.371936E+01	+5.376198E+01	+5.382669E+01	+5.390234E+01	+5.399358E+01	+5.409906E+01	+5.421720E+01	+5.434560E+01	+5.448131E+01	+5.462091E+01	+5.476014E+01	+5.489557E+01	+5.502369E+01	+5.514176E+01	+5.518863E+01	+5.523214E+01	+5.527265E+01	+5.535614E+01	+5.543713E+01	NaN	NaN	NaN	NaN	NaN	NaN	NaN	NaN	NaN	NaN
+5.522082E+01	+5.540297E+01	+5.543441E+01	+5.547750E+01	+5.553751E+01	+5.561382E+01	+5.570606E+01	+5.581271E+01	+5.593212E+01	+5.606195E+01	+5.619926E+01	+5.634043E+01	+5.648148E+01	+5.661890E+01	+5.674904E+01	+5.686945E+01	+5.691719E+01	+5.700107E+01	+5.709351E+01	+5.718058E+01	NaN	NaN	NaN	NaN	NaN	NaN	NaN	NaN	NaN	NaN	NaN
+5.680728E+01	+5.699708E+01	+5.702893E+01	+5.707244E+01	+5.713308E+01	+5.721027E+01	+5.730323E+01	+5.741096E+01	+5.753163E+01	+5.766281E+01	+5.780149E+01	+5.794435E+01	+5.808725E+01	+5.822651E+01	+5.835860E+01	+5.852330E+01	+5.862238E+01	+5.872245E+01	+5.881718E+01	NaN	NaN	NaN	NaN	NaN	NaN	NaN	NaN	NaN	NaN	NaN	NaN
+5.819041E+01	+5.838206E+01	+5.841427E+01	+5.845819E+01	+5.851926E+01	+5.859713E+01	+5.869106E+01	+5.879971E+01	+5.892142E+01	+5.905379E+01	+5.919387E+01	+5.933802E+01	+5.948254E+01	+5.962349E+01	+5.979808E+01	+6.003919E+01	+6.014946E+01	+6.025482E+01	NaN	NaN	NaN	NaN	NaN	NaN	NaN	NaN	NaN	NaN	NaN	NaN	NaN
+5.922189E+01	+5.940904E+01	+5.943558E+01	+5.948576E+01	+5.954724E+01	+5.962558E+01	+5.972015E+01	+5.982960E+01	+5.995209E+01	+6.008542E+01	+6.022645E+01	+6.037174E+01	+6.051743E+01	+6.070130E+01	+6.094419E+01	+6.122188E+01	+6.134675E+01	NaN	NaN	NaN	NaN	NaN	NaN	NaN	NaN	NaN	NaN	NaN	NaN	NaN	NaN
+5.963389E+01	+5.982751E+01	+5.985419E+01	+5.989840E+01	+5.996010E+01	+6.003871E+01	+6.013341E+01	+6.024315E+01	+6.036600E+01	+6.049972E+01	+6.064127E+01	+6.078700E+01	+6.093929E+01	+6.116811E+01	+6.143405E+01	+6.183917E+01	NaN	NaN	NaN	NaN	NaN	NaN	NaN	NaN	NaN	NaN	NaN	NaN	NaN	NaN	NaN

