#Export_details
#Version: 2023.0.0
#Motor Name: RPII_Motor_Delta_2
#Catalog Name: User_SM_PM_IR_3Ph
#Family: Synchronous
#Type: Permanent magnet
#Sub-type: Inner rotor
#No. phases: 3.0
#Test Family: Performance mapping
#Test Package: Sine wave
#Test Mode: Motor
#Test Type: Efficiency map
#End_export_details


#Table_name=voltageMap
#Table_format=2D
#Version=1.0
#
#Item_number=3
#Axis_number=2
#
#Axis_name_1=Speed
#Axis_name_2=Mechanical torque
#
#Axis_unit_1=rpm
#Axis_unit_2=N.m
#
#Item_name_1=Phase voltage V, rms
#Item_name_2=D-axis phase voltage Vd, rms
#Item_name_3=Q-axis phase voltage Vq, rms
#
#Item_unit_1=V
#Item_unit_2=V
#Item_unit_3=V
#
31
25
	
+0.000000E+00	+1.789500E+02	+7.157998E+02	+1.610550E+03	+2.863199E+03	+4.473749E+03	+6.442198E+03	+8.768548E+03	+1.145280E+04	+1.449495E+04	+1.789500E+04	+2.165294E+04	+2.576879E+04	+3.024254E+04	+3.507419E+04	+4.026374E+04	+4.257949E+04	+4.489524E+04	+4.721099E+04	+4.952674E+04	+5.184249E+04	+5.415824E+04	+5.647399E+04	+5.878975E+04	+6.110550E+04	+6.342125E+04	+6.573700E+04	+6.805275E+04	+7.036850E+04	+7.268425E+04	+7.500000E+04
+0.000000E+00	+4.613801E-03	+1.845520E-02	+4.152421E-02	+7.382082E-02	+1.153450E-01	+1.660968E-01	+2.260762E-01	+2.952833E-01	+3.737179E-01	+3.886994E-01	+4.041441E-01	+4.200609E-01	+4.364494E-01	+4.532963E-01	+4.705686E-01	+4.882048E-01	+5.061016E-01	+5.240939E-01	+5.419249E-01	+5.591983E-01	+5.753042E-01	+5.892943E-01	+5.996656E-01	+6.038310E-01
	
+0.000000E+00	+0.000000E+00	+0.000000E+00	+0.000000E+00	+0.000000E+00	+0.000000E+00	+0.000000E+00	+0.000000E+00	+0.000000E+00	+0.000000E+00	+0.000000E+00	+0.000000E+00	+0.000000E+00	+0.000000E+00	+0.000000E+00	+0.000000E+00	+0.000000E+00	+0.000000E+00	+0.000000E+00	+0.000000E+00	+0.000000E+00	+0.000000E+00	+0.000000E+00	+0.000000E+00	+0.000000E+00	+0.000000E+00	+0.000000E+00	+0.000000E+00	+0.000000E+00	+0.000000E+00	+0.000000E+00
+3.129215E-03	+6.728828E-02	+2.572324E-01	+5.734084E-01	+1.015171E+00	+1.579761E+00	+2.264159E+00	+3.061075E+00	+3.960392E+00	+4.947032E+00	+6.000214E+00	+7.094378E+00	+8.197674E+00	+9.274427E+00	+1.028682E+01	+1.119798E+01	+1.154660E+01	+1.185954E+01	+1.213726E+01	+1.238140E+01	+1.259329E+01	+1.277204E+01	+1.292000E+01	+1.303812E+01	+1.312726E+01	+1.318794E+01	+1.322324E+01	+1.323309E+01	+1.321952E+01	+1.318459E+01	+1.312779E+01
+1.251549E-02	+7.669123E-02	+2.666670E-01	+5.828797E-01	+1.024471E+00	+1.589468E+00	+2.273978E+00	+3.070928E+00	+3.970384E+00	+4.957185E+00	+6.010662E+00	+7.104466E+00	+8.208210E+00	+9.285531E+00	+1.029883E+01	+1.121163E+01	+1.156036E+01	+1.187393E+01	+1.215310E+01	+1.239809E+01	+1.261080E+01	+1.279092E+01	+1.294030E+01	+1.305950E+01	+1.315009E+01	+1.321294E+01	+1.324924E+01	+1.326088E+01	+1.324906E+01	+1.321436E+01	+1.316045E+01
+2.815556E-02	+9.237288E-02	+2.824936E-01	+5.989451E-01	+1.040934E+00	+1.606273E+00	+2.291219E+00	+3.088938E+00	+3.989062E+00	+4.976491E+00	+6.030841E+00	+7.125943E+00	+8.230831E+00	+9.310137E+00	+1.032558E+01	+1.124106E+01	+1.159178E+01	+1.190757E+01	+1.218854E+01	+1.243608E+01	+1.265080E+01	+1.283414E+01	+1.298597E+01	+1.310863E+01	+1.320217E+01	+1.326886E+01	+1.330902E+01	+1.332464E+01	+1.331736E+01	+1.328745E+01	+1.323747E+01
+5.004647E-02	+1.143509E-01	+3.048273E-01	+6.219545E-01	+1.064855E+00	+1.631377E+00	+2.317696E+00	+3.116990E+00	+4.019146E+00	+5.009301E+00	+6.065950E+00	+7.164279E+00	+8.272635E+00	+9.356491E+00	+1.037783E+01	+1.130053E+01	+1.165531E+01	+1.197467E+01	+1.226059E+01	+1.251247E+01	+1.273201E+01	+1.292037E+01	+1.307791E+01	+1.320679E+01	+1.330792E+01	+1.338058E+01	+1.342962E+01	+1.345295E+01	+1.345335E+01	+1.343320E+01	+1.339319E+01
+7.818804E-02	+1.426207E-01	+3.337760E-01	+6.522110E-01	+1.097014E+00	+1.666014E+00	+2.355359E+00	+3.158297E+00	+4.064603E+00	+5.059557E+00	+6.122362E+00	+7.227276E+00	+8.343588E+00	+9.436472E+00	+1.046980E+01	+1.140712E+01	+1.176860E+01	+1.209520E+01	+1.238884E+01	+1.264906E+01	+1.287753E+01	+1.307621E+01	+1.324414E+01	+1.338410E+01	+1.349671E+01	+1.358295E+01	+1.364447E+01	+1.368334E+01	+1.369974E+01	+1.369635E+01	+1.367492E+01
+1.125844E-01	+1.771900E-01	+3.694350E-01	+6.902094E-01	+1.138410E+00	+1.711956E+00	+2.406701E+00	+3.215971E+00	+4.130109E+00	+5.133959E+00	+6.207290E+00	+7.324844E+00	+8.456071E+00	+9.566053E+00	+1.061984E+01	+1.158159E+01	+1.195480E+01	+1.229433E+01	+1.260173E+01	+1.287612E+01	+1.311952E+01	+1.333418E+01	+1.351964E+01	+1.367697E+01	+1.380879E+01	+1.391613E+01	+1.400070E+01	+1.406310E+01	+1.410549E+01	+1.412905E+01	+1.413631E+01
+1.532427E-01	+2.180652E-01	+4.118967E-01	+7.362498E-01	+1.189909E+00	+1.770527E+00	+2.474274E+00	+3.294544E+00	+4.221293E+00	+5.239621E+00	+6.329841E+00	+7.467582E+00	+8.622298E+00	+9.760446E+00	+1.084682E+01	+1.184772E+01	+1.224039E+01	+1.259978E+01	+1.292736E+01	+1.322392E+01	+1.349099E+01	+1.372993E+01	+1.394249E+01	+1.412808E+01	+1.428938E+01	+1.442888E+01	+1.454621E+01	+1.464382E+01	+1.472420E+01	+1.478808E+01	+1.483727E+01
+2.001694E-01	+2.652306E-01	+4.612131E-01	+7.907748E-01	+1.252412E+00	+1.843951E+00	+2.561035E+00	+3.397364E+00	+4.342820E+00	+5.384003E+00	+6.500955E+00	+7.667942E+00	+8.857675E+00	+1.003729E+01	+1.117195E+01	+1.223119E+01	+1.265140E+01	+1.303972E+01	+1.339843E+01	+1.372810E+01	+1.402957E+01	+1.430395E+01	+1.455415E+01	+1.477936E+01	+1.498416E+01	+1.516620E+01	+1.533053E+01	+1.547773E+01	+1.560948E+01	+1.572706E+01	+1.583318E+01
+2.533657E-01	+3.187226E-01	+5.173576E-01	+8.538338E-01	+1.326650E+00	+1.933148E+00	+2.669042E+00	+3.528732E+00	+4.501441E+00	+5.573647E+00	+6.726599E+00	+7.936659E+00	+9.175676E+00	+1.041257E+01	+1.161646E+01	+1.275571E+01	+1.321428E+01	+1.364364E+01	+1.404483E+01	+1.441937E+01	+1.476723E+01	+1.509133E+01	+1.539149E+01	+1.567119E+01	+1.593101E+01	+1.617200E+01	+1.639734E+01	+1.660767E+01	+1.680503E+01	+1.699105E+01	+1.732124E+01
+2.635275E-01	+3.289671E-01	+5.281013E-01	+8.659709E-01	+1.341154E+00	+1.950896E+00	+2.691100E+00	+3.555193E+00	+4.533749E+00	+5.612799E+00	+6.773687E+00	+7.992575E+00	+9.241995E+00	+1.049179E+01	+1.170872E+01	+1.286527E+01	+1.333274E+01	+1.377048E+01	+1.418121E+01	+1.456449E+01	+1.492248E+01	+1.525629E+01	+1.556757E+01	+1.585786E+01	+1.612885E+01	+1.638231E+01	+1.661951E+01	+1.684287E+01	+1.705355E+01	+1.732125E+01	NaN
+2.740036E-01	+3.394760E-01	+5.391897E-01	+8.786171E-01	+1.356277E+00	+1.969478E+00	+2.713822E+00	+3.583356E+00	+4.567917E+00	+5.654592E+00	+6.823661E+00	+8.051632E+00	+9.312214E+00	+1.057441E+01	+1.180774E+01	+1.298254E+01	+1.345826E+01	+1.390558E+01	+1.432464E+01	+1.471840E+01	+1.508649E+01	+1.543110E+01	+1.575355E+01	+1.605516E+01	+1.633883E+01	+1.660441E+01	+1.685461E+01	+1.709107E+01	+1.732126E+01	NaN	NaN
+2.848001E-01	+3.503337E-01	+5.506238E-01	+8.916286E-01	+1.371942E+00	+1.988779E+00	+2.737715E+00	+3.612781E+00	+4.604216E+00	+5.697870E+00	+6.875510E+00	+8.114276E+00	+9.386774E+00	+1.066320E+01	+1.191157E+01	+1.310568E+01	+1.359028E+01	+1.404743E+01	+1.447715E+01	+1.488080E+01	+1.525996E+01	+1.561552E+01	+1.595018E+01	+1.626493E+01	+1.656044E+01	+1.683901E+01	+1.710304E+01	+1.732126E+01	NaN	NaN	NaN
+2.959169E-01	+3.615140E-01	+5.624380E-01	+9.051390E-01	+1.388382E+00	+2.008895E+00	+2.762721E+00	+3.643640E+00	+4.641896E+00	+5.743644E+00	+6.930747E+00	+8.180632E+00	+9.465374E+00	+1.075640E+01	+1.202277E+01	+1.323672E+01	+1.373118E+01	+1.419816E+01	+1.463800E+01	+1.505257E+01	+1.544317E+01	+1.581125E+01	+1.615815E+01	+1.648452E+01	+1.679381E+01	+1.708669E+01	+1.732127E+01	NaN	NaN	NaN	NaN
+3.073449E-01	+3.730053E-01	+5.745640E-01	+9.190230E-01	+1.405196E+00	+2.029813E+00	+2.788949E+00	+3.676023E+00	+4.681587E+00	+5.792149E+00	+6.988990E+00	+8.249914E+00	+9.548456E+00	+1.085438E+01	+1.213929E+01	+1.337440E+01	+1.387929E+01	+1.435661E+01	+1.480739E+01	+1.523384E+01	+1.563624E+01	+1.601647E+01	+1.637611E+01	+1.671619E+01	+1.703930E+01	+1.732127E+01	NaN	NaN	NaN	NaN	NaN
+3.190619E-01	+3.847893E-01	+5.869687E-01	+9.333199E-01	+1.422443E+00	+2.051518E+00	+2.815999E+00	+3.709876E+00	+4.723296E+00	+5.842609E+00	+7.050087E+00	+8.322982E+00	+9.636057E+00	+1.095803E+01	+1.226165E+01	+1.351909E+01	+1.403446E+01	+1.452309E+01	+1.498594E+01	+1.542355E+01	+1.583845E+01	+1.623205E+01	+1.660472E+01	+1.695891E+01	+1.732127E+01	NaN	NaN	NaN	NaN	NaN	NaN
+3.310263E-01	+3.968218E-01	+5.996708E-01	+9.479251E-01	+1.440358E+00	+2.073911E+00	+2.844095E+00	+3.744720E+00	+4.766440E+00	+5.894885E+00	+7.113775E+00	+8.399710E+00	+9.727085E+00	+1.106599E+01	+1.238936E+01	+1.367050E+01	+1.419712E+01	+1.469698E+01	+1.517170E+01	+1.562210E+01	+1.605056E+01	+1.645679E+01	+1.684391E+01	+1.732126E+01	NaN	NaN	NaN	NaN	NaN	NaN	NaN
+3.431684E-01	+4.090671E-01	+6.126068E-01	+9.627606E-01	+1.458666E+00	+2.096841E+00	+2.873130E+00	+3.781001E+00	+4.810826E+00	+5.949835E+00	+7.180468E+00	+8.478936E+00	+9.821674E+00	+1.117839E+01	+1.252252E+01	+1.382745E+01	+1.436556E+01	+1.487778E+01	+1.536507E+01	+1.582802E+01	+1.626960E+01	+1.668988E+01	+1.732126E+01	NaN	NaN	NaN	NaN	NaN	NaN	NaN	NaN
+3.553765E-01	+4.213468E-01	+6.255478E-01	+9.777909E-01	+1.477136E+00	+2.120216E+00	+2.902512E+00	+3.817767E+00	+4.856443E+00	+6.005997E+00	+7.247547E+00	+8.560573E+00	+9.918456E+00	+1.129383E+01	+1.265900E+01	+1.398886E+01	+1.453886E+01	+1.506311E+01	+1.556294E+01	+1.603984E+01	+1.656936E+01	+1.732124E+01	NaN	NaN	NaN	NaN	NaN	NaN	NaN	NaN	NaN
+3.674765E-01	+4.334799E-01	+6.384196E-01	+9.927164E-01	+1.495600E+00	+2.143585E+00	+2.932362E+00	+3.855072E+00	+4.902778E+00	+6.062240E+00	+7.316199E+00	+8.643498E+00	+1.001692E+01	+1.141103E+01	+1.279802E+01	+1.415246E+01	+1.471429E+01	+1.525054E+01	+1.576323E+01	+1.653314E+01	+1.732123E+01	NaN	NaN	NaN	NaN	NaN	NaN	NaN	NaN	NaN	NaN
+3.792001E-01	+4.452708E-01	+6.509169E-01	+1.007217E+00	+1.513605E+00	+2.166206E+00	+2.961253E+00	+3.891626E+00	+4.948255E+00	+6.118181E+00	+7.384318E+00	+8.724869E+00	+1.011418E+01	+1.152684E+01	+1.293474E+01	+1.431441E+01	+1.488708E+01	+1.566459E+01	+1.649197E+01	+1.732121E+01	NaN	NaN	NaN	NaN	NaN	NaN	NaN	NaN	NaN	NaN	NaN
+3.900944E-01	+4.562677E-01	+6.625577E-01	+1.020770E+00	+1.530524E+00	+2.188044E+00	+2.988550E+00	+3.926104E+00	+4.991349E+00	+6.171054E+00	+7.448093E+00	+8.802037E+00	+1.020698E+01	+1.163684E+01	+1.306458E+01	+1.470040E+01	+1.556882E+01	+1.644346E+01	+1.732118E+01	NaN	NaN	NaN	NaN	NaN	NaN	NaN	NaN	NaN	NaN	NaN	NaN
+3.995923E-01	+4.658213E-01	+6.726658E-01	+1.032570E+00	+1.545100E+00	+2.206667E+00	+3.012745E+00	+3.956557E+00	+5.029123E+00	+6.217492E+00	+7.504838E+00	+8.869648E+00	+1.028814E+01	+1.173347E+01	+1.339121E+01	+1.544799E+01	+1.638145E+01	+1.732115E+01	NaN	NaN	NaN	NaN	NaN	NaN	NaN	NaN	NaN	NaN	NaN	NaN	NaN
+4.066756E-01	+4.729058E-01	+6.801285E-01	+1.041352E+00	+1.556113E+00	+2.220710E+00	+3.030757E+00	+3.979584E+00	+5.057658E+00	+6.252766E+00	+7.547448E+00	+8.921181E+00	+1.034964E+01	+1.201153E+01	+1.402475E+01	+1.627819E+01	+1.732111E+01	NaN	NaN	NaN	NaN	NaN	NaN	NaN	NaN	NaN	NaN	NaN	NaN	NaN	NaN
+4.095047E-01	+4.757918E-01	+6.831943E-01	+1.044793E+00	+1.560456E+00	+2.226370E+00	+3.037696E+00	+3.988387E+00	+5.068775E+00	+6.266535E+00	+7.564745E+00	+8.941975E+00	+1.040317E+01	+1.228466E+01	+1.441556E+01	+1.731988E+01	NaN	NaN	NaN	NaN	NaN	NaN	NaN	NaN	NaN	NaN	NaN	NaN	NaN	NaN	NaN

+0.000000E+00	+0.000000E+00	+0.000000E+00	+0.000000E+00	+0.000000E+00	+0.000000E+00	+0.000000E+00	+0.000000E+00	+0.000000E+00	+0.000000E+00	+0.000000E+00	+0.000000E+00	+0.000000E+00	+0.000000E+00	+0.000000E+00	+0.000000E+00	+0.000000E+00	+0.000000E+00	+0.000000E+00	+0.000000E+00	+0.000000E+00	+0.000000E+00	+0.000000E+00	+0.000000E+00	+0.000000E+00	+0.000000E+00	+0.000000E+00	+0.000000E+00	+0.000000E+00	+0.000000E+00	+0.000000E+00
-0.000000E+00	-4.114178E-04	-1.789913E-03	-4.451635E-03	-8.631796E-03	-1.546293E-02	-2.525797E-02	-3.923264E-02	-5.833503E-02	-8.362526E-02	-1.160882E-01	-1.564377E-01	-2.051749E-01	-2.623651E-01	-3.276368E-01	-4.001982E-01	-4.330080E-01	-4.659412E-01	-4.989057E-01	-5.318037E-01	-5.645629E-01	-5.971511E-01	-6.295019E-01	-6.615794E-01	-6.933563E-01	-7.248132E-01	-7.559248E-01	-7.866402E-01	-8.171050E-01	-8.471728E-01	-8.769047E-01
-0.000000E+00	-1.349559E-03	-5.508365E-03	-1.282294E-02	-2.363538E-02	-3.861269E-02	-5.860215E-02	-8.464455E-02	-1.176419E-01	-1.586748E-01	-2.087106E-01	-2.685757E-01	-3.386024E-01	-4.189386E-01	-5.092066E-01	-6.086115E-01	-6.534203E-01	-6.983420E-01	-7.432831E-01	-7.881736E-01	-8.329287E-01	-8.775093E-01	-9.218566E-01	-9.659377E-01	-1.009718E+00	-1.053179E+00	-1.096304E+00	-1.139083E+00	-1.181514E+00	-1.223601E+00	-1.265353E+00
-0.000000E+00	-2.918912E-03	-1.170633E-02	-2.674351E-02	-4.831070E-02	-7.723862E-02	-1.142313E-01	-1.603068E-01	-2.164770E-01	-2.837873E-01	-3.631893E-01	-4.554559E-01	-5.610209E-01	-6.799587E-01	-8.119371E-01	-9.561502E-01	-1.020942E+00	-1.085850E+00	-1.150793E+00	-1.215679E+00	-1.280445E+00	-1.345028E+00	-1.409393E+00	-1.473490E+00	-1.537297E+00	-1.600785E+00	-1.663944E+00	-1.726763E+00	-1.789238E+00	-1.851377E+00	-1.913184E+00
-0.000000E+00	-5.112171E-03	-2.037356E-02	-4.617092E-02	-8.290145E-02	-1.312803E-01	-1.920560E-01	-2.662867E-01	-3.548826E-01	-4.589116E-01	-5.794621E-01	-7.170926E-01	-8.725155E-01	-1.045560E+00	-1.235976E+00	-1.442979E+00	-1.535787E+00	-1.628733E+00	-1.721698E+00	-1.814628E+00	-1.907442E+00	-2.000080E+00	-2.092504E+00	-2.184665E+00	-2.276538E+00	-2.368113E+00	-2.459354E+00	-2.550271E+00	-2.640854E+00	-2.731104E+00	-2.821033E+00
-0.000000E+00	-7.939310E-03	-3.154633E-02	-7.123792E-02	-1.274149E-01	-2.007752E-01	-2.921465E-01	-4.025339E-01	-5.328701E-01	-6.841465E-01	-8.576043E-01	-1.053784E+00	-1.273195E+00	-1.515910E+00	-1.781554E+00	-2.069204E+00	-2.198306E+00	-2.327357E+00	-2.456433E+00	-2.585240E+00	-2.714420E+00	-2.843182E+00	-2.971748E+00	-3.100061E+00	-3.228099E+00	-3.355842E+00	-3.483273E+00	-3.610383E+00	-3.737175E+00	-3.863648E+00	-3.989814E+00
-0.000000E+00	-1.140737E-02	-4.520323E-02	-1.018628E-01	-1.817796E-01	-2.857309E-01	-4.145408E-01	-5.691513E-01	-7.504817E-01	-9.596859E-01	-1.197752E+00	-1.465429E+00	-1.763197E+00	-2.091166E+00	-2.448937E+00	-2.835802E+00	-3.008920E+00	-3.182181E+00	-3.355481E+00	-3.528773E+00	-3.701970E+00	-3.875001E+00	-4.047844E+00	-4.220459E+00	-4.392807E+00	-4.564872E+00	-4.736640E+00	-4.908109E+00	-5.079276E+00	-5.250147E+00	-5.420731E+00
-1.220174E-05	-1.551981E-02	-6.135755E-02	-1.380753E-01	-2.461355E-01	-3.862577E-01	-5.592268E-01	-7.660344E-01	-1.007714E+00	-1.285378E+00	-1.599988E+00	-1.952277E+00	-2.342802E+00	-2.771658E+00	-3.238519E+00	-3.742653E+00	-3.968121E+00	-4.193771E+00	-4.419492E+00	-4.645210E+00	-4.870848E+00	-5.096350E+00	-5.321669E+00	-5.546788E+00	-5.771666E+00	-5.996278E+00	-6.220626E+00	-6.444697E+00	-6.668492E+00	-6.892020E+00	-7.115294E+00
-5.517433E-05	-2.030425E-02	-7.993670E-02	-1.798340E-01	-3.203917E-01	-5.021570E-01	-7.261985E-01	-9.933687E-01	-1.304771E+00	-1.661360E+00	-2.064280E+00	-2.514442E+00	-3.012184E+00	-3.557684E+00	-4.150695E+00	-4.790451E+00	-5.076509E+00	-5.362779E+00	-5.649137E+00	-5.935518E+00	-6.221860E+00	-6.508110E+00	-6.794203E+00	-7.080130E+00	-7.365837E+00	-7.651336E+00	-7.936592E+00	-8.221612E+00	-8.506397E+00	-8.790957E+00	-9.075303E+00
-1.272155E-04	-2.572064E-02	-1.011497E-01	-2.272382E-01	-4.046065E-01	-6.337435E-01	-9.156605E-01	-1.251111E+00	-1.641500E+00	-2.087811E+00	-2.591086E+00	-3.152175E+00	-3.771638E+00	-4.449637E+00	-5.185874E+00	-5.979776E+00	-6.334698E+00	-6.689859E+00	-7.045170E+00	-7.400547E+00	-7.755946E+00	-8.111287E+00	-8.466548E+00	-8.821670E+00	-9.176642E+00	-9.531449E+00	-9.886071E+00	-1.024051E+01	-1.059478E+01	-1.094887E+01	-1.130181E+01
-1.442760E-04	-2.680740E-02	-1.052404E-01	-2.364684E-01	-4.207328E-01	-6.588775E-01	-9.517591E-01	-1.300421E+00	-1.705884E+00	-2.169307E+00	-2.691740E+00	-3.274068E+00	-3.916809E+00	-4.620109E+00	-5.383809E+00	-6.207181E+00	-6.575257E+00	-6.943608E+00	-7.312103E+00	-7.680699E+00	-8.049311E+00	-8.417890E+00	-8.786387E+00	-9.154768E+00	-9.523008E+00	-9.891088E+00	-1.025900E+01	-1.062674E+01	-1.099432E+01	-1.136060E+01	NaN
-1.630350E-04	-2.785774E-02	-1.094329E-01	-2.457517E-01	-4.373110E-01	-6.847573E-01	-9.891002E-01	-1.351176E+00	-1.772242E+00	-2.253270E+00	-2.795500E+00	-3.399761E+00	-4.066500E+00	-4.795958E+00	-5.587873E+00	-6.441656E+00	-6.823334E+00	-7.205274E+00	-7.587408E+00	-7.969617E+00	-8.351871E+00	-8.734099E+00	-9.116259E+00	-9.498318E+00	-9.880241E+00	-1.026203E+01	-1.064365E+01	-1.102512E+01	-1.140532E+01	NaN	NaN
-1.835795E-04	-2.895069E-02	-1.137591E-01	-2.554319E-01	-4.544286E-01	-7.114678E-01	-1.027551E+00	-1.403521E+00	-1.840576E+00	-2.339915E+00	-2.902544E+00	-3.529304E+00	-4.220784E+00	-4.977162E+00	-5.798272E+00	-6.683404E+00	-7.079101E+00	-7.475060E+00	-7.871217E+00	-8.267489E+00	-8.663803E+00	-9.060114E+00	-9.456360E+00	-9.852517E+00	-1.024857E+01	-1.064449E+01	-1.104026E+01	-1.143488E+01	NaN	NaN	NaN
-2.059963E-04	-3.005372E-02	-1.182141E-01	-2.652772E-01	-4.718900E-01	-7.389676E-01	-1.067136E+00	-1.457424E+00	-1.911028E+00	-2.429117E+00	-3.012724E+00	-3.662695E+00	-4.379688E+00	-5.163817E+00	-6.014916E+00	-6.932374E+00	-7.342506E+00	-7.752924E+00	-8.163556E+00	-8.574308E+00	-8.985116E+00	-9.395926E+00	-9.806696E+00	-1.021740E+01	-1.062800E+01	-1.103848E+01	-1.144793E+01	NaN	NaN	NaN	NaN
-2.314441E-04	-3.131034E-02	-1.227551E-01	-2.754855E-01	-4.900210E-01	-7.672389E-01	-1.107788E+00	-1.512820E+00	-1.983433E+00	-2.520774E+00	-3.125994E+00	-3.799896E+00	-4.543061E+00	-5.355761E+00	-6.237717E+00	-7.188411E+00	-7.613388E+00	-8.038679E+00	-8.464194E+00	-8.889835E+00	-9.315557E+00	-9.741297E+00	-1.016701E+01	-1.059267E+01	-1.101824E+01	-1.144275E+01	NaN	NaN	NaN	NaN	NaN
-2.589560E-04	-3.249216E-02	-1.274041E-01	-2.859205E-01	-5.086222E-01	-7.962196E-01	-1.149553E+00	-1.569608E+00	-2.057640E+00	-2.614810E+00	-3.242146E+00	-3.940567E+00	-4.710580E+00	-5.552574E+00	-6.466221E+00	-7.451008E+00	-7.891227E+00	-8.331765E+00	-8.772538E+00	-9.213479E+00	-9.654500E+00	-1.009555E+01	-1.053660E+01	-1.097761E+01	-1.141722E+01	NaN	NaN	NaN	NaN	NaN	NaN
-2.885622E-04	-3.372697E-02	-1.321937E-01	-2.966473E-01	-5.276476E-01	-8.258225E-01	-1.192180E+00	-1.627679E+00	-2.133473E+00	-2.710892E+00	-3.360781E+00	-4.084203E+00	-4.881711E+00	-5.753616E+00	-6.699630E+00	-7.719236E+00	-8.175020E+00	-8.631153E+00	-9.087530E+00	-9.544084E+00	-1.000073E+01	-1.045745E+01	-1.091416E+01	-1.136865E+01	NaN	NaN	NaN	NaN	NaN	NaN	NaN
-3.195951E-04	-3.502369E-02	-1.370579E-01	-3.074815E-01	-5.468574E-01	-8.557673E-01	-1.235401E+00	-1.686539E+00	-2.210482E+00	-2.808302E+00	-3.481123E+00	-4.230032E+00	-5.055414E+00	-5.957680E+00	-6.936550E+00	-7.991542E+00	-8.463137E+00	-8.935087E+00	-9.407306E+00	-9.879731E+00	-1.035226E+01	-1.082487E+01	-1.129366E+01	NaN	NaN	NaN	NaN	NaN	NaN	NaN	NaN
-3.565775E-04	-3.624979E-02	-1.419107E-01	-3.183451E-01	-5.662253E-01	-8.860757E-01	-1.278934E+00	-1.745799E+00	-2.287887E+00	-2.906276E+00	-3.602286E+00	-4.376655E+00	-5.230125E+00	-6.162905E+00	-7.174839E+00	-8.265410E+00	-8.752908E+00	-9.240788E+00	-9.728954E+00	-1.021732E+01	-1.070459E+01	-1.118788E+01	NaN	NaN	NaN	NaN	NaN	NaN	NaN	NaN	NaN
-3.949098E-04	-3.752868E-02	-1.467145E-01	-3.291343E-01	-5.853828E-01	-9.160124E-01	-1.321958E+00	-1.804463E+00	-2.364549E+00	-3.003458E+00	-3.722298E+00	-4.521970E+00	-5.403285E+00	-6.366338E+00	-7.411041E+00	-8.536924E+00	-9.040200E+00	-9.543884E+00	-1.004786E+01	-1.054669E+01	-1.104567E+01	NaN	NaN	NaN	NaN	NaN	NaN	NaN	NaN	NaN	NaN
-4.525772E-04	-3.875070E-02	-1.515122E-01	-3.397080E-01	-6.039338E-01	-9.451464E-01	-1.363781E+00	-1.861331E+00	-2.438855E+00	-3.097553E+00	-3.838545E+00	-4.662825E+00	-5.571083E+00	-6.563476E+00	-7.639970E+00	-8.800046E+00	-9.318645E+00	-9.831827E+00	-1.034538E+01	-1.085961E+01	NaN	NaN	NaN	NaN	NaN	NaN	NaN	NaN	NaN	NaN	NaN
-4.932072E-04	-3.984445E-02	-1.558563E-01	-3.494546E-01	-6.211956E-01	-9.720030E-01	-1.402766E+00	-1.914382E+00	-2.508142E+00	-3.185324E+00	-3.947051E+00	-4.794197E+00	-5.727552E+00	-6.747346E+00	-7.853501E+00	-9.037880E+00	-9.563645E+00	-1.009125E+01	-1.061972E+01	NaN	NaN	NaN	NaN	NaN	NaN	NaN	NaN	NaN	NaN	NaN	NaN
-5.283380E-04	-4.084485E-02	-1.596892E-01	-3.579183E-01	-6.363771E-01	-9.956076E-01	-1.436543E+00	-1.960430E+00	-2.568365E+00	-3.261600E+00	-4.041265E+00	-4.908379E+00	-5.863551E+00	-6.907133E+00	-8.029905E+00	-9.231910E+00	-9.771516E+00	-1.031225E+01	NaN	NaN	NaN	NaN	NaN	NaN	NaN	NaN	NaN	NaN	NaN	NaN	NaN
-5.694692E-04	-4.154787E-02	-1.624519E-01	-3.641531E-01	-6.474719E-01	-1.013022E+00	-1.461609E+00	-1.994508E+00	-2.612970E+00	-3.318086E+00	-4.111116E+00	-4.992972E+00	-5.964354E+00	-7.014203E+00	-8.144622E+00	-9.368715E+00	-9.917613E+00	NaN	NaN	NaN	NaN	NaN	NaN	NaN	NaN	NaN	NaN	NaN	NaN	NaN	NaN
-5.655406E-04	-4.190752E-02	-1.635374E-01	-3.668431E-01	-6.520158E-01	-1.020016E+00	-1.471799E+00	-2.008326E+00	-2.630967E+00	-3.340847E+00	-4.139165E+00	-5.026956E+00	-6.002804E+00	-7.048483E+00	-8.185603E+00	-9.404719E+00	NaN	NaN	NaN	NaN	NaN	NaN	NaN	NaN	NaN	NaN	NaN	NaN	NaN	NaN	NaN

+0.000000E+00	+0.000000E+00	+0.000000E+00	+0.000000E+00	+0.000000E+00	+0.000000E+00	+0.000000E+00	+0.000000E+00	+0.000000E+00	+0.000000E+00	+0.000000E+00	+0.000000E+00	+0.000000E+00	+0.000000E+00	+0.000000E+00	+0.000000E+00	+0.000000E+00	+0.000000E+00	+0.000000E+00	+0.000000E+00	+0.000000E+00	+0.000000E+00	+0.000000E+00	+0.000000E+00	+0.000000E+00	+0.000000E+00	+0.000000E+00	+0.000000E+00	+0.000000E+00	+0.000000E+00	+0.000000E+00
+3.129215E-03	+6.728702E-02	+2.572262E-01	+5.733912E-01	+1.015134E+00	+1.579685E+00	+2.264018E+00	+3.060824E+00	+3.959963E+00	+4.946325E+00	+5.999091E+00	+7.092653E+00	+8.195106E+00	+9.270715E+00	+1.028160E+01	+1.119083E+01	+1.153848E+01	+1.185038E+01	+1.212700E+01	+1.236997E+01	+1.258063E+01	+1.275807E+01	+1.290465E+01	+1.302133E+01	+1.310894E+01	+1.316801E+01	+1.320162E+01	+1.320969E+01	+1.319424E+01	+1.315735E+01	+1.309847E+01
+1.251549E-02	+7.667935E-02	+2.666101E-01	+5.827386E-01	+1.024199E+00	+1.588999E+00	+2.273222E+00	+3.069761E+00	+3.968641E+00	+4.954644E+00	+6.007037E+00	+7.099387E+00	+8.201223E+00	+9.276076E+00	+1.028623E+01	+1.119509E+01	+1.154187E+01	+1.185337E+01	+1.213035E+01	+1.237301E+01	+1.258326E+01	+1.276079E+01	+1.290743E+01	+1.302373E+01	+1.311126E+01	+1.317090E+01	+1.320381E+01	+1.321186E+01	+1.319628E+01	+1.315758E+01	+1.309948E+01
+2.815556E-02	+9.232675E-02	+2.822509E-01	+5.983477E-01	+1.039813E+00	+1.604415E+00	+2.288369E+00	+3.084776E+00	+3.983184E+00	+4.968393E+00	+6.019895E+00	+7.111373E+00	+8.211688E+00	+9.285273E+00	+1.029361E+01	+1.120032E+01	+1.154673E+01	+1.185796E+01	+1.213409E+01	+1.237652E+01	+1.258584E+01	+1.276346E+01	+1.290926E+01	+1.302555E+01	+1.311236E+01	+1.317194E+01	+1.320460E+01	+1.321228E+01	+1.319662E+01	+1.315784E+01	+1.309848E+01
+5.004647E-02	+1.142366E-01	+3.041457E-01	+6.202384E-01	+1.061623E+00	+1.626086E+00	+2.309725E+00	+3.105595E+00	+4.003448E+00	+4.988236E+00	+6.038209E+00	+7.128301E+00	+8.226494E+00	+9.297889E+00	+1.030397E+01	+1.120802E+01	+1.155369E+01	+1.186339E+01	+1.213910E+01	+1.238019E+01	+1.258832E+01	+1.276463E+01	+1.290942E+01	+1.302485E+01	+1.311175E+01	+1.316936E+01	+1.320251E+01	+1.320902E+01	+1.319161E+01	+1.315264E+01	+1.309272E+01
+7.818804E-02	+1.423996E-01	+3.322819E-01	+6.483088E-01	+1.089589E+00	+1.653872E+00	+2.337170E+00	+3.132540E+00	+4.029521E+00	+5.013089E+00	+6.061999E+00	+7.150039E+00	+8.245874E+00	+9.313915E+00	+1.031711E+01	+1.121788E+01	+1.156146E+01	+1.186917E+01	+1.214287E+01	+1.238206E+01	+1.258820E+01	+1.276337E+01	+1.290643E+01	+1.302013E+01	+1.310498E+01	+1.316187E+01	+1.319236E+01	+1.319845E+01	+1.318015E+01	+1.314010E+01	+1.307994E+01
+1.125844E-01	+1.768225E-01	+3.666591E-01	+6.826515E-01	+1.123803E+00	+1.687943E+00	+2.370731E+00	+3.165207E+00	+4.061352E+00	+5.043465E+00	+6.090635E+00	+7.176759E+00	+8.270204E+00	+9.334687E+00	+1.033362E+01	+1.122904E+01	+1.156994E+01	+1.187537E+01	+1.214678E+01	+1.238315E+01	+1.258639E+01	+1.275872E+01	+1.289944E+01	+1.300950E+01	+1.309144E+01	+1.314612E+01	+1.317512E+01	+1.317882E+01	+1.315925E+01	+1.311739E+01	+1.305569E+01
+1.532427E-01	+2.175122E-01	+4.073010E-01	+7.231867E-01	+1.164174E+00	+1.727880E+00	+2.410248E+00	+3.204249E+00	+4.099247E+00	+5.079511E+00	+6.124290E+00	+7.207870E+00	+8.297910E+00	+9.358645E+00	+1.035208E+01	+1.124104E+01	+1.157934E+01	+1.188136E+01	+1.214844E+01	+1.238120E+01	+1.258100E+01	+1.274905E+01	+1.288693E+01	+1.299368E+01	+1.307189E+01	+1.312392E+01	+1.314900E+01	+1.314942E+01	+1.312758E+01	+1.308386E+01	+1.301987E+01
+2.001694E-01	+2.644523E-01	+4.542330E-01	+7.700549E-01	+1.210738E+00	+1.774259E+00	+2.455918E+00	+3.248893E+00	+4.142180E+00	+5.121266E+00	+6.164508E+00	+7.243958E+00	+8.329775E+00	+9.385628E+00	+1.037228E+01	+1.125405E+01	+1.158823E+01	+1.188591E+01	+1.214929E+01	+1.237862E+01	+1.257447E+01	+1.273764E+01	+1.287098E+01	+1.297310E+01	+1.304873E+01	+1.309468E+01	+1.311623E+01	+1.311356E+01	+1.308805E+01	+1.304069E+01	+1.297415E+01
+2.533657E-01	+3.176831E-01	+5.073733E-01	+8.230400E-01	+1.263446E+00	+1.826316E+00	+2.507060E+00	+3.299495E+00	+4.191474E+00	+5.167841E+00	+6.207528E+00	+7.283841E+00	+8.364674E+00	+9.413942E+00	+1.039465E+01	+1.126722E+01	+1.159693E+01	+1.189095E+01	+1.215001E+01	+1.237539E+01	+1.256648E+01	+1.272617E+01	+1.285362E+01	+1.295239E+01	+1.302254E+01	+1.306465E+01	+1.308199E+01	+1.307466E+01	+1.304453E+01	+1.299300E+01	+1.312610E+01
+2.635274E-01	+3.278731E-01	+5.175089E-01	+8.330596E-01	+1.273451E+00	+1.836267E+00	+2.517175E+00	+3.308822E+00	+4.200576E+00	+5.176642E+00	+6.215896E+00	+7.291209E+00	+8.370966E+00	+9.419783E+00	+1.039753E+01	+1.126881E+01	+1.159861E+01	+1.189170E+01	+1.215071E+01	+1.237462E+01	+1.256539E+01	+1.272374E+01	+1.285102E+01	+1.294844E+01	+1.301738E+01	+1.305935E+01	+1.307521E+01	+1.306731E+01	+1.303643E+01	+1.307527E+01	NaN
+2.740035E-01	+3.383311E-01	+5.279678E-01	+8.435486E-01	+1.283841E+00	+1.846605E+00	+2.527155E+00	+3.318850E+00	+4.210110E+00	+5.186250E+00	+6.224752E+00	+7.298657E+00	+8.377405E+00	+9.424278E+00	+1.040185E+01	+1.127171E+01	+1.160030E+01	+1.189325E+01	+1.215017E+01	+1.237402E+01	+1.256378E+01	+1.272141E+01	+1.284788E+01	+1.294412E+01	+1.301300E+01	+1.305363E+01	+1.306868E+01	+1.305953E+01	+1.303629E+01	NaN	NaN
+2.848001E-01	+3.491354E-01	+5.387443E-01	+8.542577E-01	+1.294496E+00	+1.857163E+00	+2.537562E+00	+3.329011E+00	+4.220318E+00	+5.195241E+00	+6.232806E+00	+7.306537E+00	+8.384301E+00	+9.430360E+00	+1.040508E+01	+1.127346E+01	+1.160095E+01	+1.189343E+01	+1.215039E+01	+1.237282E+01	+1.256205E+01	+1.271844E+01	+1.284467E+01	+1.294125E+01	+1.300827E+01	+1.304789E+01	+1.306241E+01	+1.301037E+01	NaN	NaN	NaN
+2.959168E-01	+3.602626E-01	+5.498745E-01	+8.653928E-01	+1.305728E+00	+1.868044E+00	+2.548303E+00	+3.339465E+00	+4.230268E+00	+5.204694E+00	+6.241694E+00	+7.314876E+00	+8.391164E+00	+9.435842E+00	+1.040999E+01	+1.127622E+01	+1.160314E+01	+1.189454E+01	+1.215020E+01	+1.237179E+01	+1.256023E+01	+1.271662E+01	+1.284191E+01	+1.293615E+01	+1.300299E+01	+1.304250E+01	+1.299889E+01	NaN	NaN	NaN	NaN
+3.073448E-01	+3.716889E-01	+5.612976E-01	+8.767617E-01	+1.316987E+00	+1.879225E+00	+2.559501E+00	+3.350301E+00	+4.240666E+00	+5.214852E+00	+6.250931E+00	+7.322696E+00	+8.398429E+00	+9.441052E+00	+1.041409E+01	+1.127836E+01	+1.160478E+01	+1.189503E+01	+1.214974E+01	+1.237096E+01	+1.255836E+01	+1.271355E+01	+1.283779E+01	+1.293161E+01	+1.299755E+01	+1.300345E+01	NaN	NaN	NaN	NaN	NaN
+3.190618E-01	+3.834150E-01	+5.729751E-01	+8.884456E-01	+1.328400E+00	+1.890704E+00	+2.570677E+00	+3.361474E+00	+4.251546E+00	+5.224830E+00	+6.260369E+00	+7.331027E+00	+8.406190E+00	+9.447080E+00	+1.041806E+01	+1.128044E+01	+1.160580E+01	+1.189545E+01	+1.214993E+01	+1.236922E+01	+1.255577E+01	+1.271060E+01	+1.283342E+01	+1.292659E+01	+1.302587E+01	NaN	NaN	NaN	NaN	NaN	NaN
+3.310262E-01	+3.953859E-01	+5.849187E-01	+9.003124E-01	+1.340230E+00	+1.902399E+00	+2.582166E+00	+3.372475E+00	+4.262305E+00	+5.234571E+00	+6.269845E+00	+7.339919E+00	+8.413387E+00	+9.452623E+00	+1.042166E+01	+1.128255E+01	+1.160721E+01	+1.189556E+01	+1.214896E+01	+1.236772E+01	+1.255412E+01	+1.270700E+01	+1.282959E+01	+1.306828E+01	NaN	NaN	NaN	NaN	NaN	NaN	NaN
+3.431683E-01	+4.075650E-01	+5.970780E-01	+9.123393E-01	+1.352277E+00	+1.914264E+00	+2.593967E+00	+3.384014E+00	+4.272917E+00	+5.245377E+00	+6.280199E+00	+7.348414E+00	+8.420693E+00	+9.458464E+00	+1.042582E+01	+1.128422E+01	+1.160796E+01	+1.189591E+01	+1.214858E+01	+1.236596E+01	+1.255112E+01	+1.270331E+01	+1.313313E+01	NaN	NaN	NaN	NaN	NaN	NaN	NaN	NaN
+3.553763E-01	+4.197845E-01	+6.092383E-01	+9.245168E-01	+1.364302E+00	+1.926185E+00	+2.605552E+00	+3.395221E+00	+4.283761E+00	+5.256002E+00	+6.288917E+00	+7.357194E+00	+8.427429E+00	+9.464099E+00	+1.042938E+01	+1.128589E+01	+1.160883E+01	+1.189559E+01	+1.214712E+01	+1.236457E+01	+1.264735E+01	+1.322335E+01	NaN	NaN	NaN	NaN	NaN	NaN	NaN	NaN	NaN
+3.674763E-01	+4.318523E-01	+6.213328E-01	+9.365663E-01	+1.376280E+00	+1.938009E+00	+2.617475E+00	+3.406683E+00	+4.294897E+00	+5.265928E+00	+6.298513E+00	+7.366264E+00	+8.434642E+00	+9.470019E+00	+1.043388E+01	+1.128774E+01	+1.160970E+01	+1.189510E+01	+1.214578E+01	+1.273232E+01	+1.334234E+01	NaN	NaN	NaN	NaN	NaN	NaN	NaN	NaN	NaN	NaN
+3.791999E-01	+4.435814E-01	+6.330378E-01	+9.482010E-01	+1.387899E+00	+1.949140E+00	+2.628520E+00	+3.417631E+00	+4.305487E+00	+5.276107E+00	+6.308226E+00	+7.374374E+00	+8.441543E+00	+9.475696E+00	+1.043736E+01	+1.128988E+01	+1.160983E+01	+1.219486E+01	+1.284361E+01	+1.349419E+01	NaN	NaN	NaN	NaN	NaN	NaN	NaN	NaN	NaN	NaN	NaN
+3.900941E-01	+4.545246E-01	+6.439655E-01	+9.590901E-01	+1.398793E+00	+1.960292E+00	+2.638878E+00	+3.427745E+00	+4.315412E+00	+5.285416E+00	+6.316239E+00	+7.381838E+00	+8.448526E+00	+9.481005E+00	+1.044059E+01	+1.159389E+01	+1.228515E+01	+1.298284E+01	+1.368374E+01	NaN	NaN	NaN	NaN	NaN	NaN	NaN	NaN	NaN	NaN	NaN	NaN
+3.995920E-01	+4.640271E-01	+6.534360E-01	+9.685533E-01	+1.407962E+00	+1.969300E+00	+2.648202E+00	+3.436722E+00	+4.323839E+00	+5.293314E+00	+6.323826E+00	+7.387724E+00	+8.453679E+00	+9.485033E+00	+1.071659E+01	+1.238597E+01	+1.314798E+01	+1.391689E+01	NaN	NaN	NaN	NaN	NaN	NaN	NaN	NaN	NaN	NaN	NaN	NaN	NaN
+4.066752E-01	+4.710771E-01	+6.604424E-01	+9.756057E-01	+1.415015E+00	+1.976194E+00	+2.655030E+00	+3.443694E+00	+4.330392E+00	+5.299753E+00	+6.329510E+00	+7.393084E+00	+8.458220E+00	+9.750787E+00	+1.141747E+01	+1.331190E+01	+1.420076E+01	NaN	NaN	NaN	NaN	NaN	NaN	NaN	NaN	NaN	NaN	NaN	NaN	NaN	NaN
+4.095043E-01	+4.739426E-01	+6.633324E-01	+9.782733E-01	+1.417709E+00	+1.978963E+00	+2.657330E+00	+3.445846E+00	+4.332493E+00	+5.301717E+00	+6.331878E+00	+7.395176E+00	+8.496602E+00	+1.006140E+01	+1.186610E+01	+1.454405E+01	NaN	NaN	NaN	NaN	NaN	NaN	NaN	NaN	NaN	NaN	NaN	NaN	NaN	NaN	NaN

