#Export_details
#Version: 2023.0.0
#Motor Name: RPII_Motor_Delta_2
#Catalog Name: User_SM_PM_IR_3Ph
#Family: Synchronous
#Type: Permanent magnet
#Sub-type: Inner rotor
#No. phases: 3.0
#Test Family: Performance mapping
#Test Package: Sine wave
#Test Mode: Motor
#Test Type: Efficiency map
#End_export_details


#Table_name=lossCurve
#Table_format=1D
#Version=1.0
#
#Item_number=4
#Axis_number=1
#
#Axis_name_1=Speed
#
#Axis_unit_1=rpm
#
#Item_name_1=Total machine
#Item_name_2=Joule
#Item_name_3=Iron
#Item_name_4=Mechanical
#
#Item_unit_1=W
#Item_unit_2=W
#Item_unit_3=W
#Item_unit_4=W
#
31
	
+0.000000E+00	+1.789500E+02	+7.157998E+02	+1.610550E+03	+2.863199E+03	+4.473749E+03	+6.442198E+03	+8.768548E+03	+1.145280E+04	+1.449495E+04	+1.789500E+04	+2.165294E+04	+2.576879E+04	+3.024254E+04	+3.507419E+04	+4.026374E+04	+4.257949E+04	+4.489524E+04	+4.721099E+04	+4.952674E+04	+5.184249E+04	+5.415824E+04	+5.647399E+04	+5.878975E+04	+6.110550E+04	+6.342125E+04	+6.573700E+04	+6.805275E+04	+7.036850E+04	+7.268425E+04	+7.500000E+04
	
+7.326114E+01	+7.377519E+01	+7.397184E+01	+7.436719E+01	+7.506226E+01	+7.619732E+01	+7.795008E+01	+8.053238E+01	+8.418480E+01	+8.916881E+01	+9.575620E+01	+1.042163E+02	+1.148050E+02	+1.283269E+02	+1.460211E+02	+1.730811E+02	+1.753513E+02	+1.777712E+02	+1.803806E+02	+1.831773E+02	+1.861564E+02	+1.893112E+02	+1.926349E+02	+1.961215E+02	+1.997661E+02	+2.035646E+02	+2.075143E+02	+2.116127E+02	+2.158584E+02	+2.202497E+02	+2.247855E+02

+7.326114E+01	+7.373847E+01	+7.380470E+01	+7.391543E+01	+7.407133E+01	+7.427469E+01	+7.453106E+01	+7.485121E+01	+7.525887E+01	+7.579301E+01	+7.651880E+01	+7.753571E+01	+7.882279E+01	+7.882291E+01	+7.882304E+01	+7.879095E+01	+7.882300E+01	+7.882245E+01	+7.882174E+01	+7.882096E+01	+7.882015E+01	+7.881935E+01	+7.881856E+01	+7.881781E+01	+7.881710E+01	+7.881643E+01	+7.881580E+01	+7.881521E+01	+7.881466E+01	+7.881415E+01	+7.881366E+01

+0.000000E+00	+3.671921E-02	+1.671444E-01	+4.517602E-01	+9.909265E-01	+1.922630E+00	+3.419019E+00	+5.681170E+00	+8.925928E+00	+1.337580E+01	+1.923740E+01	+2.668056E+01	+3.598222E+01	+4.950403E+01	+6.719808E+01	+9.429012E+01	+9.652835E+01	+9.894876E+01	+1.015588E+02	+1.043563E+02	+1.073362E+02	+1.104918E+02	+1.138163E+02	+1.173037E+02	+1.209490E+02	+1.247482E+02	+1.286985E+02	+1.327975E+02	+1.370437E+02	+1.414355E+02	+1.459719E+02

+0.000000E+00	+0.000000E+00	+0.000000E+00	+0.000000E+00	+0.000000E+00	+0.000000E+00	+0.000000E+00	+0.000000E+00	+0.000000E+00	+0.000000E+00	+0.000000E+00	+0.000000E+00	+0.000000E+00	+0.000000E+00	+0.000000E+00	+0.000000E+00	+0.000000E+00	+0.000000E+00	+0.000000E+00	+0.000000E+00	+0.000000E+00	+0.000000E+00	+0.000000E+00	+0.000000E+00	+0.000000E+00	+0.000000E+00	+0.000000E+00	+0.000000E+00	+0.000000E+00	+0.000000E+00	+0.000000E+00

