#Export_details
#Version: 2023.0.0
#Motor Name: RPII_Motor_Delta_2
#Catalog Name: User_SM_PM_IR_3Ph
#Family: Synchronous
#Type: Permanent magnet
#Sub-type: Inner rotor
#No. phases: 3.0
#Test Family: Performance mapping
#Test Package: Sine wave
#Test Mode: Motor
#Test Type: Efficiency map
#End_export_details


#Table_name=torquePsiCurve
#Table_format=1D
#Version=1.0
#
#Item_number=7
#Axis_number=2
#
#Axis_name_1=Control angle
#Axis_name_2=Control angle
#
#Axis_unit_1=deg
#Axis_unit_2=deg
#
#Item_name_1=0.0 (A)
#Item_name_2=12.37 (A)
#Item_name_3=24.74 (A)
#Item_name_4=37.11 (A)
#Item_name_5=49.48 (A)
#Item_name_6=61.85 (A)
#Item_name_7=Working point
#
#Item_unit_1=N.m
#Item_unit_2=N.m
#Item_unit_3=N.m
#Item_unit_4=N.m
#Item_unit_5=N.m
#Item_unit_6=N.m
#Item_unit_7=N.m
#
91
40
	
+0.000000E+00	+1.000000E+00	+2.000000E+00	+3.000000E+00	+4.000000E+00	+5.000000E+00	+6.000000E+00	+7.000000E+00	+8.000000E+00	+9.000000E+00	+1.000000E+01	+1.100000E+01	+1.200000E+01	+1.300000E+01	+1.400000E+01	+1.500000E+01	+1.600000E+01	+1.700000E+01	+1.800000E+01	+1.900000E+01	+2.000000E+01	+2.100000E+01	+2.200000E+01	+2.300000E+01	+2.400000E+01	+2.500000E+01	+2.600000E+01	+2.700000E+01	+2.800000E+01	+2.900000E+01	+3.000000E+01	+3.100000E+01	+3.200000E+01	+3.300000E+01	+3.400000E+01	+3.500000E+01	+3.600000E+01	+3.700000E+01	+3.800000E+01	+3.900000E+01	+4.000000E+01	+4.100000E+01	+4.200000E+01	+4.300000E+01	+4.400000E+01	+4.500000E+01	+4.600000E+01	+4.700000E+01	+4.800000E+01	+4.900000E+01	+5.000000E+01	+5.100000E+01	+5.200000E+01	+5.300000E+01	+5.400000E+01	+5.500000E+01	+5.600000E+01	+5.700000E+01	+5.800000E+01	+5.900000E+01	+6.000000E+01	+6.100000E+01	+6.200000E+01	+6.300000E+01	+6.400000E+01	+6.500000E+01	+6.600000E+01	+6.700000E+01	+6.800000E+01	+6.900000E+01	+7.000000E+01	+7.100000E+01	+7.200000E+01	+7.300000E+01	+7.400000E+01	+7.500000E+01	+7.600000E+01	+7.700000E+01	+7.800000E+01	+7.900000E+01	+8.000000E+01	+8.100000E+01	+8.200000E+01	+8.300000E+01	+8.400000E+01	+8.500000E+01	+8.600000E+01	+8.700000E+01	+8.800000E+01	+8.900000E+01	+9.000000E+01
+0.000000E+00	+0.000000E+00	+0.000000E+00	+0.000000E+00	+0.000000E+00	+0.000000E+00	+0.000000E+00	+4.562098E-03	+1.579290E-02	+2.876835E-02	+3.136829E-02	+3.409159E-02	+3.693233E-02	+3.988524E-02	+4.314622E-02	+4.650223E-02	+4.994587E-02	+5.335997E-02	+5.748942E-02	+6.157310E-02	+6.838280E-02	+7.244067E-02	+7.575607E-02	+8.023151E-02	+6.867236E-01	+7.358520E+00	+1.306486E+01	+1.803318E+01	+2.241842E+01	+2.633157E+01	+2.985527E+01	+3.305283E+01	+3.597392E+01	+3.865821E+01	+4.113790E+01	+4.343948E+01	+4.558500E+01	+4.759301E+01	+4.947926E+01	+5.125723E+01
	
+0.000000E+00	+0.000000E+00	+0.000000E+00	+0.000000E+00	+0.000000E+00	+0.000000E+00	+0.000000E+00	+0.000000E+00	+0.000000E+00	+0.000000E+00	+0.000000E+00	+0.000000E+00	+0.000000E+00	+0.000000E+00	+0.000000E+00	+0.000000E+00	+0.000000E+00	+0.000000E+00	+0.000000E+00	+0.000000E+00	+0.000000E+00	+0.000000E+00	+0.000000E+00	+0.000000E+00	+0.000000E+00	+0.000000E+00	+0.000000E+00	+0.000000E+00	+0.000000E+00	+0.000000E+00	+0.000000E+00	+0.000000E+00	+0.000000E+00	+0.000000E+00	+0.000000E+00	+0.000000E+00	+0.000000E+00	+0.000000E+00	+0.000000E+00	+0.000000E+00	+0.000000E+00	+0.000000E+00	+0.000000E+00	+0.000000E+00	+0.000000E+00	+0.000000E+00	+0.000000E+00	+0.000000E+00	+0.000000E+00	+0.000000E+00	+0.000000E+00	+0.000000E+00	+0.000000E+00	+0.000000E+00	+0.000000E+00	+0.000000E+00	+0.000000E+00	+0.000000E+00	+0.000000E+00	+0.000000E+00	+0.000000E+00	+0.000000E+00	+0.000000E+00	+0.000000E+00	+0.000000E+00	+0.000000E+00	+0.000000E+00	+0.000000E+00	+0.000000E+00	+0.000000E+00	+0.000000E+00	+0.000000E+00	+0.000000E+00	+0.000000E+00	+0.000000E+00	+0.000000E+00	+0.000000E+00	+0.000000E+00	+0.000000E+00	+0.000000E+00	+0.000000E+00	+0.000000E+00	+0.000000E+00	+0.000000E+00	+0.000000E+00	+0.000000E+00	+0.000000E+00	+0.000000E+00	+0.000000E+00	+0.000000E+00	+0.000000E+00

+1.253273E-01	+1.253082E-01	+1.252509E-01	+1.251555E-01	+1.250219E-01	+1.248503E-01	+1.246406E-01	+1.243929E-01	+1.241073E-01	+1.237839E-01	+1.234228E-01	+1.230241E-01	+1.225879E-01	+1.221144E-01	+1.216036E-01	+1.210558E-01	+1.204711E-01	+1.198496E-01	+1.191917E-01	+1.184974E-01	+1.177670E-01	+1.170007E-01	+1.161988E-01	+1.153615E-01	+1.144890E-01	+1.135816E-01	+1.126395E-01	+1.116632E-01	+1.106528E-01	+1.096087E-01	+1.085312E-01	+1.074206E-01	+1.062773E-01	+1.051016E-01	+1.038938E-01	+1.026544E-01	+1.013837E-01	+1.000820E-01	+9.874992E-02	+9.738770E-02	+9.599579E-02	+9.457462E-02	+9.312463E-02	+9.164625E-02	+9.013994E-02	+8.860615E-02	+8.704536E-02	+8.545804E-02	+8.384468E-02	+8.220576E-02	+8.054178E-02	+7.885327E-02	+7.714072E-02	+7.540466E-02	+7.364563E-02	+7.186416E-02	+7.006080E-02	+6.823608E-02	+6.639058E-02	+6.452486E-02	+6.263948E-02	+6.073503E-02	+5.881208E-02	+5.687122E-02	+5.491305E-02	+5.293816E-02	+5.094716E-02	+4.894065E-02	+4.691925E-02	+4.488359E-02	+4.283427E-02	+4.077192E-02	+3.869719E-02	+3.661070E-02	+3.451308E-02	+3.240499E-02	+3.028707E-02	+2.815996E-02	+2.602432E-02	+2.388080E-02	+2.173005E-02	+1.957273E-02	+1.740950E-02	+1.524104E-02	+1.306798E-02	+1.089102E-02	+8.710797E-03	+6.527995E-03	+4.343276E-03	+2.157310E-03	+0.000000E+00

+2.506537E-01	+2.506167E-01	+2.505034E-01	+2.503138E-01	+2.500480E-01	+2.497060E-01	+2.492879E-01	+2.487939E-01	+2.482242E-01	+2.475787E-01	+2.468579E-01	+2.460619E-01	+2.451909E-01	+2.442452E-01	+2.432250E-01	+2.421308E-01	+2.409628E-01	+2.397213E-01	+2.384068E-01	+2.370197E-01	+2.355603E-01	+2.340291E-01	+2.324266E-01	+2.307533E-01	+2.290096E-01	+2.271961E-01	+2.253134E-01	+2.233620E-01	+2.213425E-01	+2.192555E-01	+2.171016E-01	+2.148816E-01	+2.125961E-01	+2.102457E-01	+2.078312E-01	+2.053533E-01	+2.028128E-01	+2.002105E-01	+1.975471E-01	+1.948235E-01	+1.920404E-01	+1.891987E-01	+1.862994E-01	+1.833431E-01	+1.803310E-01	+1.772639E-01	+1.741426E-01	+1.709683E-01	+1.677417E-01	+1.644640E-01	+1.611361E-01	+1.577590E-01	+1.543338E-01	+1.508615E-01	+1.473431E-01	+1.437798E-01	+1.401726E-01	+1.365226E-01	+1.328310E-01	+1.290988E-01	+1.253273E-01	+1.215175E-01	+1.176706E-01	+1.137878E-01	+1.098703E-01	+1.059193E-01	+1.019360E-01	+9.792159E-02	+9.387735E-02	+8.980450E-02	+8.570429E-02	+8.157797E-02	+7.742682E-02	+7.325212E-02	+6.905513E-02	+6.483717E-02	+6.059951E-02	+5.634347E-02	+5.207036E-02	+4.778149E-02	+4.347819E-02	+3.916178E-02	+3.483359E-02	+3.049497E-02	+2.614724E-02	+2.179175E-02	+1.742984E-02	+1.306287E-02	+8.692185E-03	+4.319131E-03	+0.000000E+00

+3.759199E-01	+3.758665E-01	+3.756986E-01	+3.754163E-01	+3.750197E-01	+3.745087E-01	+3.738837E-01	+3.731448E-01	+3.722922E-01	+3.713261E-01	+3.702469E-01	+3.690549E-01	+3.677504E-01	+3.663338E-01	+3.648056E-01	+3.631662E-01	+3.614161E-01	+3.595559E-01	+3.575861E-01	+3.555073E-01	+3.533201E-01	+3.510252E-01	+3.486233E-01	+3.461152E-01	+3.435015E-01	+3.407831E-01	+3.379608E-01	+3.350355E-01	+3.320081E-01	+3.288794E-01	+3.256504E-01	+3.223221E-01	+3.188955E-01	+3.153717E-01	+3.117518E-01	+3.080367E-01	+3.042277E-01	+3.003259E-01	+2.963325E-01	+2.922487E-01	+2.880757E-01	+2.838149E-01	+2.794675E-01	+2.750348E-01	+2.705182E-01	+2.659190E-01	+2.612386E-01	+2.564786E-01	+2.516402E-01	+2.467250E-01	+2.417345E-01	+2.366701E-01	+2.315335E-01	+2.263262E-01	+2.210497E-01	+2.157057E-01	+2.102958E-01	+2.048216E-01	+1.992849E-01	+1.936872E-01	+1.880303E-01	+1.823160E-01	+1.765459E-01	+1.707218E-01	+1.648456E-01	+1.589189E-01	+1.529437E-01	+1.469217E-01	+1.408547E-01	+1.347447E-01	+1.285936E-01	+1.224031E-01	+1.161753E-01	+1.099120E-01	+1.036151E-01	+9.728665E-02	+9.092857E-02	+8.454281E-02	+7.813136E-02	+7.169620E-02	+6.523933E-02	+5.876276E-02	+5.226852E-02	+4.575861E-02	+3.923507E-02	+3.269995E-02	+2.615528E-02	+1.960312E-02	+1.304552E-02	+6.484542E-03	+0.000000E+00

+5.011549E-01	+5.010871E-01	+5.008666E-01	+5.004934E-01	+4.999677E-01	+4.992896E-01	+4.984593E-01	+4.974770E-01	+4.963431E-01	+4.950579E-01	+4.936217E-01	+4.920349E-01	+4.902982E-01	+4.884119E-01	+4.863767E-01	+4.841932E-01	+4.818620E-01	+4.793838E-01	+4.767594E-01	+4.739896E-01	+4.710752E-01	+4.680171E-01	+4.648162E-01	+4.614736E-01	+4.579902E-01	+4.543671E-01	+4.506054E-01	+4.467062E-01	+4.426707E-01	+4.385002E-01	+4.341960E-01	+4.297593E-01	+4.251915E-01	+4.204940E-01	+4.156682E-01	+4.107156E-01	+4.056378E-01	+4.004362E-01	+3.951124E-01	+3.896682E-01	+3.841050E-01	+3.784247E-01	+3.726290E-01	+3.667196E-01	+3.606983E-01	+3.545670E-01	+3.483275E-01	+3.419817E-01	+3.355316E-01	+3.289791E-01	+3.223262E-01	+3.155749E-01	+3.087272E-01	+3.017853E-01	+2.947513E-01	+2.876272E-01	+2.804152E-01	+2.731176E-01	+2.657365E-01	+2.582741E-01	+2.507328E-01	+2.431148E-01	+2.354224E-01	+2.276580E-01	+2.198238E-01	+2.119224E-01	+2.039561E-01	+1.959273E-01	+1.878384E-01	+1.796920E-01	+1.714905E-01	+1.632365E-01	+1.549324E-01	+1.465808E-01	+1.381844E-01	+1.297456E-01	+1.212671E-01	+1.127515E-01	+1.042015E-01	+9.561978E-02	+8.700892E-02	+7.837168E-02	+6.971077E-02	+6.102891E-02	+5.232884E-02	+4.361334E-02	+3.488515E-02	+2.614707E-02	+1.740188E-02	+8.652391E-03	+0.000000E+00

+6.262930E-01	+6.262140E-01	+6.259442E-01	+6.254836E-01	+6.248324E-01	+6.239908E-01	+6.229590E-01	+6.217372E-01	+6.203259E-01	+6.187254E-01	+6.169362E-01	+6.149588E-01	+6.127939E-01	+6.104420E-01	+6.079038E-01	+6.051802E-01	+6.022718E-01	+5.991795E-01	+5.959044E-01	+5.924473E-01	+5.888092E-01	+5.849914E-01	+5.809949E-01	+5.768209E-01	+5.724706E-01	+5.679455E-01	+5.632469E-01	+5.583762E-01	+5.533348E-01	+5.481244E-01	+5.427465E-01	+5.372028E-01	+5.314949E-01	+5.256247E-01	+5.195938E-01	+5.134043E-01	+5.070579E-01	+5.005566E-01	+4.939024E-01	+4.870974E-01	+4.801437E-01	+4.730433E-01	+4.657986E-01	+4.584117E-01	+4.508848E-01	+4.432204E-01	+4.354207E-01	+4.274882E-01	+4.194252E-01	+4.112343E-01	+4.029179E-01	+3.944786E-01	+3.859190E-01	+3.772417E-01	+3.684493E-01	+3.595444E-01	+3.505298E-01	+3.414083E-01	+3.321825E-01	+3.228553E-01	+3.134295E-01	+3.039080E-01	+2.942935E-01	+2.845890E-01	+2.747975E-01	+2.649219E-01	+2.549651E-01	+2.449303E-01	+2.348203E-01	+2.246383E-01	+2.143873E-01	+2.040705E-01	+1.936910E-01	+1.832520E-01	+1.727567E-01	+1.622082E-01	+1.516099E-01	+1.409650E-01	+1.302768E-01	+1.195486E-01	+1.087839E-01	+9.798597E-02	+8.715826E-02	+7.630421E-02	+6.542730E-02	+5.453101E-02	+4.361888E-02	+3.269445E-02	+2.176129E-02	+1.082299E-02	+0.000000E+00

+0.000000E+00	+4.614262E-03	+1.845705E-02	+4.152836E-02	+7.382820E-02	+1.153566E-01	+1.661134E-01	+2.260989E-01	+2.953128E-01	+3.737552E-01	+3.887383E-01	+4.041845E-01	+4.201029E-01	+4.364931E-01	+4.533416E-01	+4.706156E-01	+4.882536E-01	+5.061521E-01	+5.241463E-01	+5.419790E-01	+5.592542E-01	+5.753042E-01	+5.892943E-01	+5.997255E-01	+6.261937E-01	+6.213140E-01	+6.103409E-01	+5.958464E-01	+5.793194E-01	+5.616960E-01	+5.435761E-01	+5.253470E-01	+5.072586E-01	+4.894700E-01	+4.720796E-01	+4.551448E-01	+4.386953E-01	+4.227415E-01	+4.072813E-01	+3.923036E-01

